0	92.4259	-0.00381649	-0.0796699	-0.019072	3779.62	354.734	-73.4501	0.1	0.0130215
1	92.4259	-0.0322979	-0.249461	-0.01089	3250.59	-674.28	-18.3347	0.1	0.0130215
2	92.4259	0.067577	-0.810356	-0.00684857	2190.86	199.053	3.86061	0.1	0.0130215
3	92.4259	-0.152755	0.276704	-0.00270386	-2695.14	-1345.02	105.946	0.1	0.0130215
4	92.4259	-0.216623	0.150557	-0.00275497	-1811.89	-2595.57	85.8591	0.1	0.0130215
5	92.4259	-0.147136	0.222505	-0.00634604	-2700.31	-1672.89	77.1344	0.1	0.0130215
6	92.4259	0.306087	-0.0953707	0.00054291	938.339	2899.57	13.7498	0.1	0.0130215
7	92.4259	0.375745	0.0819952	-0.0157416	-650.625	2832.53	-19.6596	0.1	0.0130215
8	92.4259	0.188614	0.100585	0.00672754	-1949.62	2798.67	31.1294	0.1	0.0130215
9	92.4259	0.187356	0.0129941	-0.0126593	-635.894	3476.4	45.727	0.1	0.0130215
10	92.4259	0.00573873	0.00370372	0.00378552	2439.98	810.04	1674.82	0.1	0.0130215
11	92.4259	-0.0224956	0.00414837	0.0118186	-1195.63	2247.82	-3401.82	0.1	0.0130215
12	92.4259	0.0416529	-0.00964731	0.0264767	942.271	1099.69	-1980.74	0.1	0.0130215
13	92.4259	-0.0858047	-0.0563744	-0.0370489	1235.39	927.373	683.796	0.1	0.0130215
14	92.4259	-0.105965	0.0028488	-0.0208881	-1312.85	3167.22	-47.8799	0.1	0.0130215
15	92.4259	-0.0521729	-0.00051245	-0.0172573	-2049.56	3454.6	3320.98	0.1	0.0130215
16	92.4259	-0.0744104	-0.0542217	0.194509	1408.78	-3403.21	-904.762	0.1	0.0130215
17	92.4259	-0.00147001	-0.00428272	-0.011606	228.941	-3547.96	-2304.51	0.1	0.0130215
18	92.4259	-0.374233	0.307983	-0.762854	407.741	606.27	-713.69	0.1	0.0130215
19	92.4259	-0.00201666	0.0035617	-0.0191706	-1126.2	-746.978	10.3135	0.1	0.0130215
20	92.4259	-0.88645	-0.417425	-0.316186	84.0451	-1279.77	-239.155	0.1	0.0130215
21	92.4259	-0.017843	0.027741	-0.00454603	167.214	-2908.63	2790.7	0.1	0.0130215
22	92.4259	-0.874924	-0.136411	0.209164	-1003.93	92.3369	818.652	0.1	0.0130215
23	92.4259	-0.202099	-0.155854	-0.00322557	1292.55	1880.61	2972.98	0.1	0.0130215
24	92.4259	0.0547409	-0.116694	-0.0178097	-1012.61	-1667.22	485.185	0.1	0.0130215
25	92.4259	0.0288344	0.0251504	-0.037282	1934.61	1505.44	628.607	0.1	0.0130215
26	92.4259	0.0186043	0.0121078	-0.0717393	4276.37	-732.775	-2120.61	0.1	0.0130215
27	92.4259	-0.00705009	-0.0190655	0.0179712	537.911	1234.7	2966.14	0.1	0.0130215
28	92.4259	-0.0892687	-0.0520328	0.0721299	3128.31	-2808.51	-879.139	0.1	0.0130215
29	92.4259	0.124951	-0.192895	-0.118692	-1841.08	499.288	1485.88	0.1	0.0130215
30	92.4259	0.00205994	-0.0147626	-0.0490292	-2838.04	2163.52	-920.969	0.1	0.0130215
31	92.4259	-0.556376	-1.08665	-0.809338	-320.032	341.647	135.128	0.1	0.0130215
32	92.4259	-0.124754	-0.684501	2.06772	199.183	1568.36	-1069.8	0.1	0.0130215
33	92.4259	-0.467069	-0.674818	0.448793	-649.881	992.525	-941.431	0.1	0.0130215
34	92.4259	-0.0163106	0.0192249	0.471549	1154.23	-475.396	-1849.99	0.1	0.0130215
35	92.4259	-0.0511982	0.00490439	-0.0569029	3009.68	-587.984	1053.15	0.1	0.0130215
36	92.4259	-0.0668845	0.00525064	0.0253117	816.275	224.647	1290.72	0.1	0.0130215
37	92.4259	-0.0642506	-0.0624635	0.0273203	451.477	3165.61	-3863.2	0.1	0.0130215
38	92.4259	-0.374138	-0.159299	0.451253	1067.73	-1877.83	-1039.8	0.1	0.0130215
39	92.4259	0.0346598	0.0349348	0.0818913	2170.27	4006.56	-211.034	0.1	0.0130215
40	92.4259	-0.0844492	2.93207	-0.350466	-1344.23	133.008	-124.773	0.1	0.0130215
41	92.4259	0.0673778	0.0163998	0.0272681	1868.34	-593.653	5878.06	0.1	0.0130215
42	92.4259	0.0357471	-0.147172	-0.0133641	1615.87	369.482	3134.79	0.1	0.0130215
43	92.4259	0.0323867	0.037773	0.084203	-689.017	-198.412	-195.458	0.1	0.0130215
44	92.4259	-0.00317443	0.0693453	0.0147455	-2549.43	-1014.75	-4236.73	0.1	0.0130215
45	92.4259	-0.699455	1.363	-0.221098	-175.289	-1158.93	-124.118	0.1	0.0130215
46	92.4259	0.240836	0.0645592	-0.134936	853.995	-350.237	2109.45	0.1	0.0130215
47	92.4259	0.0773658	0.0519499	0.0307867	1509.25	-3410.43	-295.601	0.1	0.0130215
48	92.4259	-0.0279666	0.128663	0.178277	1156.41	-2930.54	644.292	0.1	0.0130215
49	92.4259	0.218284	-0.159963	0.219035	-2148.7	1088.94	740.651	0.1	0.0130215
50	92.4259	0.0001292	0.0205762	-0.023304	-3087.44	1965.34	4348.17	0.1	0.0130215
51	92.4259	-0.16961	1.03327	0.0548888	-431.021	488.09	602.626	0.1	0.0130215
52	92.4259	-0.0143853	-0.0703683	-0.0835814	766.166	-3655.96	674.434	0.1	0.0130215
53	92.4259	0.00115001	-0.105941	0.213477	1091.69	-189.461	-738.898	0.1	0.0130215
54	92.4259	0.170563	-0.172388	0.0285179	-176.528	370.276	1172.03	0.1	0.0130215
55	92.4259	0.0123468	-0.0631627	-0.0209512	2227.08	-1700.39	-1022.22	0.1	0.0130215
56	92.4259	-0.0512324	-0.0891371	0.298664	1560.66	-399.516	-1940.87	0.1	0.0130215
57	92.4259	-0.237088	0.0625749	-0.319779	-945.991	1151.33	-2313.21	0.1	0.0130215
58	92.4259	-0.0313872	0.841103	0.429721	51.8831	-700.899	2299.49	0.1	0.0130215
59	92.4259	-0.0380458	0.0323767	0.034636	-180.657	-689.928	-1728.9	0.1	0.0130215
60	92.4259	-0.0484332	0.0798594	-0.0320995	1954.96	-4206.26	148.946	0.1	0.0130215
61	92.4259	0.0170671	0.01298	-0.0422899	-1546.08	-1228.41	-756.785	0.1	0.0130215
62	92.4259	0.226156	-0.180954	0.0252381	-1144.33	-52.7891	-602.508	0.1	0.0130215
63	92.4259	0.00060648	0.00704122	0.0219076	-600.881	-1527.82	1125.71	0.1	0.0130215
64	92.4259	0.0179662	-0.0390984	0.00580658	-2491.7	-2380.52	-1799.88	0.1	0.0130215
65	92.4259	-8.50658	-36.6604	17.8621	-177.768	-103.464	31.3572	0.1	0.0130215
66	92.4259	-0.0649563	0.0790554	0.126737	1396.03	-2515.26	0.346243	0.1	0.0130215
67	92.4259	-0.0349559	-0.0111735	0.0669696	-597.481	3628.49	-5908.24	0.1	0.0130215
68	92.4259	0.0175119	0.0386905	0.0573043	2168.38	147.747	-1494.36	0.1	0.0130215
69	92.4259	-0.0238561	-0.00401557	-0.00334656	3273.48	2644.84	1318.23	0.1	0.0130215
70	92.4259	0.230856	0.0357069	0.0520119	-3358.1	1454.87	552.407	0.1	0.0130215
71	92.4259	0.332154	-0.0781009	-0.480288	3030.18	-798.356	416.357	0.1	0.0130215
72	92.4259	0.0607929	0.0164043	-0.0793886	2956.22	327.652	-212.043	0.1	0.0130215
73	92.4259	0.00187382	0.0187434	0.0172745	-1345.38	4765.31	709.914	0.1	0.0130215
74	92.4259	3.25007	3.13841	2.39461	-958.2	546.669	79.3216	0.1	0.0130215
75	92.4259	-0.164314	-0.319873	-0.534816	-1861.51	-1251.02	641.079	0.1	0.0130215
76	92.4259	-0.412101	-0.0728361	-0.139539	477.464	-595.424	-930.689	0.1	0.0130215
77	92.4259	-0.0749536	0.042321	-0.0209715	2822.13	-1459.97	-3203.71	0.1	0.0130215
78	92.4259	-0.172676	-0.120174	0.192679	-595.554	-685.255	1532.84	0.1	0.0130215
79	92.4259	-0.0108344	0.0252201	0.00359536	4089.85	1583.25	938.942	0.1	0.0130215
80	92.4259	0.12188	0.068153	-0.0233792	1324.33	960.009	-1440.7	0.1	0.0130215
81	92.4259	-0.0185327	0.0180715	0.109427	2817.94	17.7573	302.605	0.1	0.0130215
82	92.4259	1.56989	-1.42081	-1.15038	1409.56	510.649	-483.473	0.1	0.0130215
83	92.4259	0.0168198	-0.0248812	0.0417498	1117.23	-488.667	1600.83	0.1	0.0130215
84	92.4259	-0.0464155	0.0205909	-0.0428514	-4384.52	3022.01	-433.09	0.1	0.0130215
85	92.4259	-0.00555886	0.0565397	0.00462425	1896.42	1761.06	-2945.72	0.1	0.0130215
86	92.4259	0.094919	0.0782661	0.117797	-1041.66	560.098	-2869.02	0.1	0.0130215
87	92.4259	-0.0164135	-0.00082507	0.0118151	680.664	-5488.49	11.3914	0.1	0.0130215
88	92.4259	0.190621	0.2022	-0.048876	-1101.07	535.807	-1545.76	0.1	0.0130215
89	92.4259	0.0107204	-0.00930365	-0.00332482	-1523.31	1189.74	-1377.11	0.1	0.0130215
90	92.4259	0.0632772	0.0603421	-0.0529534	-482.341	3751.18	-5572.93	0.1	0.0130215
91	92.4259	0.0938608	0.0636352	0.0457151	-1800.84	-2077.93	-841.177	0.1	0.0130215
92	92.4259	-0.0065363	-0.00405969	0.00738093	2153.02	2231.63	-1255.58	0.1	0.0130215
93	92.4259	0.307057	0.122872	0.29375	-583.226	1938.19	1246.23	0.1	0.0130215
94	92.4259	0.237299	-0.0671844	0.122518	182.27	3408.3	-2608.81	0.1	0.0130215
95	92.4259	0.0429787	0.0414776	0.0213543	3715.8	-415.706	-18.8695	0.1	0.0130215
96	92.4259	0.112458	-0.0860297	-0.030143	-2147.66	-1806.62	1880.36	0.1	0.0130215
97	92.4259	-0.608861	0.0295679	-0.89673	-250.797	-130.276	78.3127	0.1	0.0130215
98	92.4259	-0.051271	-0.0744322	0.205117	996.151	2913.29	-642.782	0.1	0.0130215
99	92.4259	-0.233661	-0.115745	0.0973755	165.226	2956.73	-725.588	0.1	0.0130215
100	92.4259	-0.295369	-2.45659	-0.731589	-892.21	485.332	142.157	0.1	0.0130215
101	92.4259	-0.0811961	-0.0470367	-0.0215359	-2252.41	-2041.88	-1465.15	0.1	0.0130215
102	92.4259	-0.0995856	0.464465	-0.125161	617.156	-625.815	-459.152	0.1	0.0130215
103	92.4259	0.333804	1.47226	0.427951	477.93	-523.055	-222.426	0.1	0.0130215
104	92.4259	-0.0256478	0.10347	-0.339253	-1123.2	-596.766	-1080.37	0.1	0.0130215
105	92.4259	0.00873659	0.0597666	0.00346566	-2720.4	3040.48	450.85	0.1	0.0130215
106	92.4259	0.088839	0.142036	0.0648262	1623.2	-703.78	742.864	0.1	0.0130215
107	92.4259	0.00042131	0.00644674	-0.0101021	507.042	985.095	-4435.5	0.1	0.0130215
108	92.4259	0.0424525	0.0319628	0.0202833	2040.23	850.902	-722.1	0.1	0.0130215
109	92.4259	1.0346	0.448599	-0.874966	-218.606	-497.787	355.777	0.1	0.0130215
110	92.4259	-0.00811068	0.12496	0.355638	-2865.61	37.0193	959.494	0.1	0.0130215
111	92.4259	-1.85436	-4.51971	11.6135	125.582	-80.7334	-68.7113	0.1	0.0130215
112	92.4259	0.100766	-0.161497	-0.171038	-2819.51	1053.19	1320.0	0.1	0.0130215
113	92.4259	-0.00859296	-0.330975	-0.00605966	1700.7	1452.25	1741.95	0.1	0.0130215
114	92.4259	-5.07539	-6.79454	-4.21314	-317.936	-182.916	-63.4393	0.1	0.0130215
115	92.4259	0.00213071	0.105656	0.0344112	-1068.55	-2222.94	3563.34	0.1	0.0130215
116	92.4259	-0.0159243	-0.0144379	-0.0239046	-2440.34	-3647.2	-1460.86	0.1	0.0130215
117	92.4259	0.39454	-0.22274	0.392141	-748.17	-1294.58	-634.03	0.1	0.0130215
118	92.4259	-0.164572	0.105579	-0.206653	-236.398	772.95	-687.742	0.1	0.0130215
119	92.4259	0.00090707	0.0215816	-0.0455002	4665.43	-210.333	428.037	0.1	0.0130215
120	92.4259	0.0185266	0.019607	0.0060179	847.058	1375.07	2868.96	0.1	0.0130215
121	92.4259	4.72526	-0.13569	1.36006	717.771	-322.962	44.1794	0.1	0.0130215
122	92.4259	-2.18612	1.42482	3.06178	-192.221	360.819	-395.365	0.1	0.0130215
123	92.4259	0.0404126	-0.0655468	0.052702	-200.984	1626.71	3583.37	0.1	0.0130215
124	92.4259	-0.0114849	-0.427572	0.117053	1108.28	1226.23	60.5268	0.1	0.0130215
125	92.4259	-0.0240479	0.0205142	0.0392621	1213.0	889.751	7165.98	0.1	0.0130215
126	92.4259	-0.153679	0.0711008	0.111347	2704.75	1097.56	190.461	0.1	0.0130215
127	92.4259	0.0449376	0.0927917	-0.105903	-568.405	1986.62	-61.3609	0.1	0.0130215
128	92.4259	0.00210391	0.0405034	-0.0689771	-3393.74	1068.56	1753.57	0.1	0.0130215
129	92.4259	2.56324	1.23687	-1.43649	-138.315	-210.29	-135.993	0.1	0.0130215
130	92.4259	0.00496464	-0.00734349	0.0287953	-28.2634	933.267	307.076	0.1	0.0130215
131	92.4259	0.00633608	0.00025921	-0.00363816	-1796.64	-2845.74	-2051.73	0.1	0.0130215
132	92.4259	-0.161378	-0.0397996	-0.0486859	485.563	-1971.08	-3133.82	0.1	0.0130215
133	92.4259	0.0547253	0.0322848	0.00049385	1991.82	-2969.7	-5109.51	0.1	0.0130215
134	92.4259	0.426914	0.0742347	-0.0990946	635.443	2804.86	86.0249	0.1	0.0130215
135	92.4259	-0.0261313	0.00968086	-0.0410756	-937.24	2549.91	-2890.63	0.1	0.0130215
136	92.4259	-0.0193644	-0.00840219	-0.0135615	-1005.03	1031.49	1392.31	0.1	0.0130215
137	92.4259	0.0936807	0.0700643	-0.0293885	-2554.52	-1564.81	-2784.78	0.1	0.0130215
138	92.4259	0.355725	0.505908	0.348923	-358.291	-480.308	830.9	0.1	0.0130215
139	92.4259	-0.097937	0.348042	0.103697	2987.95	1896.37	-1389.27	0.1	0.0130215
140	92.4259	-0.0388789	-0.142957	-0.0708566	-1183.64	269.207	-1985.26	0.1	0.0130215
141	92.4259	-3.58328	0.72844	1.48079	372.362	700.172	301.378	0.1	0.0130215
142	92.4259	-0.0521829	-0.103985	0.186107	-991.907	1286.77	1609.11	0.1	0.0130215
143	92.4259	-0.0245422	-0.167989	-0.30644	138.627	161.236	-746.419	0.1	0.0130215
144	92.4259	-0.00167893	0.0929429	-0.0130905	1453.5	-2597.81	-886.609	0.1	0.0130215
145	92.4259	-0.0491739	0.0219655	0.00766534	-224.075	3669.52	-4880.16	0.1	0.0130215
146	92.4259	-0.063013	0.0883097	0.0955029	-2013.98	-3017.75	169.026	0.1	0.0130215
147	92.4259	0.0118577	-0.00407606	-0.0121974	7120.21	645.125	-3001.86	0.1	0.0130215
148	92.4259	-0.335038	0.993073	-0.332697	1178.99	1170.02	429.328	0.1	0.0130215
149	92.4259	-0.0442522	0.0386238	-0.0153328	-1615.77	-1401.56	-2445.23	0.1	0.0130215
150	92.4259	0.124293	0.0798255	1.00098	568.4	139.118	-346.921	0.1	0.0130215
151	92.4259	0.112918	-0.06146	-0.0801463	46.4804	-220.515	1054.0	0.1	0.0130215
152	92.4259	0.157578	0.153432	-0.090899	-966.894	-1632.25	1073.34	0.1	0.0130215
153	92.4259	-0.0435469	0.097827	-0.0367513	-315.307	1428.83	-3682.45	0.1	0.0130215
154	92.4259	-0.0546588	0.0117972	-0.0495888	-1133.09	420.29	174.596	0.1	0.0130215
155	92.4259	0.00518461	0.0529112	-0.0465876	-1868.12	-891.704	7.49421	0.1	0.0130215
156	92.4259	0.0750742	0.210285	-0.0844097	-197.408	-2488.84	-1009.17	0.1	0.0130215
157	92.4259	1.7057	-3.04648	-0.307803	537.403	-207.113	446.133	0.1	0.0130215
158	92.4259	0.144893	1.03482	0.125109	-407.013	590.964	308.669	0.1	0.0130215
159	92.4259	0.0116173	0.0124507	-0.0164383	2990.93	-1692.15	-745.575	0.1	0.0130215
160	92.4259	0.54899	-0.269365	-0.929832	205.458	1196.47	-1073.83	0.1	0.0130215
161	92.4259	-0.0539265	-0.137196	0.0228661	-1058.09	-268.331	-566.475	0.1	0.0130215
162	92.4259	0.0149522	-0.0107633	0.0117522	-1670.43	-2314.16	5166.76	0.1	0.0130215
163	92.4259	0.251839	-0.0249821	-0.0594442	1496.54	-568.263	392.751	0.1	0.0130215
164	92.4259	-0.136232	0.0837246	-0.289375	2994.05	-2007.72	119.838	0.1	0.0130215
165	92.4259	0.0864456	0.0294591	-0.016465	-2434.88	-2710.48	-1151.69	0.1	0.0130215
166	92.4259	0.0492048	0.0816767	0.0813736	-1468.41	2285.95	-304.088	0.1	0.0130215
167	92.4259	-0.175674	0.122718	-0.012857	1113.23	2784.03	1430.82	0.1	0.0130215
168	92.4259	-0.136436	-0.13383	-0.118572	4190.07	-93.8807	1787.07	0.1	0.0130215
169	92.4259	-5.89521	0.377427	-1.27789	-487.537	319.888	-32.5119	0.1	0.0130215
170	92.4259	0.234181	-0.138134	0.117512	355.933	1698.97	-1239.3	0.1	0.0130215
171	92.4259	-0.397433	0.144784	-0.00851106	1951.79	-647.429	-82.5099	0.1	0.0130215
172	92.4259	0.00336971	0.00697716	0.0032485	2555.62	-2711.85	1431.33	0.1	0.0130215
173	92.4259	0.0552368	0.0562268	0.066118	998.379	-3668.02	-920.611	0.1	0.0130215
174	92.4259	0.0456569	-0.00230095	-0.0185656	2170.56	-4184.28	-217.984	0.1	0.0130215
175	92.4259	-1.78848	-1.11041	-2.0452	-224.666	553.981	-23.1811	0.1	0.0130215
176	92.4259	-0.240433	-0.138817	-0.177863	752.933	-2168.67	-99.6378	0.1	0.0130215
177	92.4259	-0.00080031	0.00968606	-0.0247412	-983.549	116.502	-841.22	0.1	0.0130215
178	92.4259	0.0278335	0.0495018	0.0376713	313.85	235.506	-1523.55	0.1	0.0130215
179	92.4259	-0.0027615	0.0647156	0.0352297	483.832	-2127.31	-4004.42	0.1	0.0130215
180	92.4259	-4.09013	-2.36797	-1.79604	778.63	-198.069	-26.8031	0.1	0.0130215
181	92.4259	0.287834	0.0851201	-0.00372668	-92.5055	1696.42	-2196.4	0.1	0.0130215
182	92.4259	0.0366341	0.00833968	0.0138257	665.47	1519.9	-1195.49	0.1	0.0130215
183	92.4259	0.112195	0.501266	0.254728	253.423	66.9946	1227.37	0.1	0.0130215
184	92.4259	-0.314311	-0.181027	-0.123058	540.104	-2718.95	-855.003	0.1	0.0130215
185	92.4259	-0.0966197	-0.135097	0.159768	839.799	3263.61	659.01	0.1	0.0130215
186	92.4259	0.132444	-0.215156	0.145232	-1416.72	474.878	-1456.92	0.1	0.0130215
187	92.4259	0.024753	-0.0741625	-0.0126404	1053.55	-960.105	-1563.39	0.1	0.0130215
188	92.4259	0.0327158	-0.103292	-0.128193	652.445	2830.03	-1059.9	0.1	0.0130215
189	92.4259	-0.00812392	0.130696	0.118175	-1031.13	282.92	797.153	0.1	0.0130215
190	92.4259	0.328562	0.663261	1.28362	-601.898	-1126.19	-925.494	0.1	0.0130215
191	92.4259	0.0525864	-0.0271349	-0.0105838	883.924	-2779.87	-1772.77	0.1	0.0130215
192	92.4259	1.19217	-0.852531	-4.07642	-159.938	-577.101	408.424	0.1	0.0130215
193	92.4259	-0.101312	-0.0388137	-0.0363865	-1643.52	1917.08	4888.98	0.1	0.0130215
194	92.4259	-0.11657	0.0355774	0.181475	-1391.06	1175.94	-2876.4	0.1	0.0130215
195	92.4259	-0.0153914	0.034495	-0.0131066	1029.67	-2276.61	1717.47	0.1	0.0130215
196	92.4259	0.0612826	-0.0143432	-0.0748867	869.985	-2662.54	1332.1	0.1	0.0130215
197	92.4259	-0.120691	0.00260165	0.0492517	1256.17	778.314	-949.542	0.1	0.0130215
198	92.4259	0.0182083	-0.00592817	-0.00263667	-1910.12	-6154.92	5254.48	0.1	0.0130215
199	92.4259	0.766696	-0.440376	-0.885503	354.058	24.3663	83.2691	0.1	0.0130215
200	92.4259	0.140028	-0.0515985	-0.1005	-1403.12	-279.489	-2474.27	0.1	0.0130215
201	92.4259	-0.122684	-0.0574373	0.0308538	3324.29	-3243.89	962.466	0.1	0.0130215
202	92.4259	0.0735751	-0.0235663	-0.0216916	-4687.67	974.614	863.279	0.1	0.0130215
203	92.4259	0.0283079	0.017881	0.0264175	-647.783	3035.61	-2875.32	0.1	0.0130215
204	92.4259	0.0408195	0.0347334	0.0418514	-664.995	605.075	-2370.96	0.1	0.0130215
205	92.4259	-0.0075538	-0.00102385	-0.0675147	1307.03	-373.23	979.897	0.1	0.0130215
206	92.4259	0.00101359	0.0087472	0.00520129	-914.346	-4415.09	-98.6244	0.1	0.0130215
207	92.4259	0.0549599	-0.0103688	-0.0267386	-3229.95	-3200.61	-3939.36	0.1	0.0130215
208	92.4259	-0.453517	0.00450037	-0.00505646	1063.02	-1824.4	-2069.59	0.1	0.0130215
209	92.4259	-0.0508409	0.0510544	0.0341089	2000.63	1228.61	1979.94	0.1	0.0130215
210	92.4259	-0.0104855	-0.0300014	-0.0308494	4817.63	-1498.69	-157.1	0.1	0.0130215
211	92.4259	-0.540651	-0.377462	-0.0303211	-1315.83	895.982	1456.29	0.1	0.0130215
212	92.4259	0.104707	-0.112585	-0.00888328	2046.85	1051.32	-2914.44	0.1	0.0130215
213	92.4259	-0.0508391	0.136617	-0.0213974	-1732.85	-116.074	-2117.71	0.1	0.0130215
214	92.4259	1.13715	-0.887954	-0.0489977	962.756	1331.27	1735.1	0.1	0.0130215
215	92.4259	0.272114	-0.151494	0.251566	-2917.67	-132.869	-86.088	0.1	0.0130215
216	92.4259	0.06178	-0.00521988	0.0284056	2394.73	-1986.43	578.759	0.1	0.0130215
217	92.4259	-0.00698683	-0.00645918	-0.0292864	2058.08	-1999.18	-969.668	0.1	0.0130215
218	92.4259	-0.016822	0.0593851	0.0538544	-1547.69	4383.14	3623.62	0.1	0.0130215
219	92.4259	0.0186216	-0.0462047	-0.0334778	-1461.65	685.037	-832.078	0.1	0.0130215
220	92.4259	0.587218	0.309639	-0.120677	-725.383	-363.243	1800.9	0.1	0.0130215
221	92.4259	0.154176	-0.191483	-0.117108	1396.56	3167.06	1806.51	0.1	0.0130215
222	92.4259	-0.0811638	-0.139061	0.0196655	-59.2742	-2405.31	-1284.42	0.1	0.0130215
223	92.4259	0.0217602	0.0072029	-0.007493	-1540.09	795.338	-192.835	0.1	0.0130215
224	92.4259	0.0316349	-0.00836298	0.00757285	1652.56	1707.53	2625.43	0.1	0.0130215
225	92.4259	0.0001509	-0.0235111	-0.0361094	-2415.94	-1218.55	-2879.96	0.1	0.0130215
226	92.4259	0.0973085	-0.0447448	0.12573	1726.61	4184.92	-147.612	0.1	0.0130215
227	92.4259	0.0146342	-0.00989184	-0.0395821	-591.963	-2451.62	3196.94	0.1	0.0130215
228	92.4259	0.0553809	0.0279433	0.00691976	252.836	117.698	-212.448	0.1	0.0130215
229	92.4259	-0.0448121	-0.123085	-0.0601477	-3019.26	-1844.34	2953.07	0.1	0.0130215
230	92.4259	-0.122146	-0.180411	0.00713893	-900.395	84.0421	243.696	0.1	0.0130215
231	92.4259	-0.0456149	-0.0472926	0.0338307	-1048.59	-1245.72	1052.41	0.1	0.0130215
232	92.4259	-0.0751541	-0.016764	0.112601	-2316.0	314.902	1711.63	0.1	0.0130215
233	92.4259	0.0122589	0.00275824	-0.0269113	-160.456	3403.37	576.328	0.1	0.0130215
234	92.4259	0.00219901	-0.0123809	0.00364192	5158.83	1798.82	-2285.24	0.1	0.0130215
235	92.4259	-0.0642101	0.076274	-0.010102	1173.89	432.219	-819.163	0.1	0.0130215
236	92.4259	0.0910831	-0.0217959	0.00332349	-323.525	-1071.15	-2734.37	0.1	0.0130215
237	92.4259	-0.022423	-0.0629865	0.0996737	-1443.39	-5155.97	-742.834	0.1	0.0130215
238	92.4259	-0.11423	-0.0571996	0.0640692	1543.5	-1787.51	83.4116	0.1	0.0130215
239	92.4259	-0.00106544	-0.0328492	-0.00150728	-2115.57	-783.141	2840.34	0.1	0.0130215
240	92.4259	-0.045201	-0.0140512	0.0326326	-2408.5	198.237	-1420.37	0.1	0.0130215
241	92.4259	0.21564	-0.0402013	0.0480212	1910.71	2253.57	138.184	0.1	0.0130215
242	92.4259	-0.0232228	-0.00792651	-0.0109529	2334.09	476.799	-1724.12	0.1	0.0130215
243	92.4259	0.142871	-0.054523	-0.304747	663.458	392.977	-914.448	0.1	0.0130215
244	92.4259	0.0770104	-0.0305848	0.253366	1198.36	1397.9	-1042.88	0.1	0.0130215
245	92.4259	-0.0373478	-0.13809	-0.0298674	663.141	181.187	-4012.76	0.1	0.0130215
246	92.4259	-0.388646	-0.216796	-0.2607	2155.35	-1338.59	-706.037	0.1	0.0130215
247	92.4259	1.99518	-0.866931	-0.997256	-702.437	-189.507	-37.8094	0.1	0.0130215
248	92.4259	0.0739115	-0.217965	-0.238947	2220.65	2971.25	683.582	0.1	0.0130215
249	92.4259	0.0706861	-0.0436839	0.116034	-1615.99	707.521	3033.51	0.1	0.0130215
250	92.4259	0.517192	-0.785768	0.252474	783.663	-742.163	-770.788	0.1	0.0130215
251	92.4259	0.0778499	0.233698	0.0343903	-698.821	1840.39	2771.26	0.1	0.0130215
252	92.4259	-0.13045	-0.0817324	-0.0761774	-964.401	-2669.47	-1768.23	0.1	0.0130215
253	92.4259	0.18538	-0.0421405	-0.179307	-1307.58	-526.4	2654.78	0.1	0.0130215
254	92.4259	0.123254	-0.0494274	0.0522107	932.461	-51.9785	-265.024	0.1	0.0130215
255	92.4259	-0.132581	0.15165	-0.328392	-3520.83	36.3532	-1218.66	0.1	0.0130215
256	92.4259	0.0414209	0.0277474	0.107341	-2977.38	304.485	4659.16	0.1	0.0130215
257	92.4259	-0.0662686	-0.165166	-0.499454	1374.82	1030.67	-1430.11	0.1	0.0130215
258	92.4259	0.0335839	0.0115176	-0.127678	2512.63	-581.919	-2099.26	0.1	0.0130215
259	92.4259	0.184626	0.10742	-0.172565	-1108.4	799.613	-579.318	0.1	0.0130215
260	92.4259	0.0500295	-0.0221995	-0.00936181	-889.888	-1335.74	2553.42	0.1	0.0130215
261	92.4259	0.541236	-0.0496247	0.121126	161.569	2204.19	777.792	0.1	0.0130215
262	92.4259	-0.0298084	0.551018	0.308075	-895.461	1188.87	-148.151	0.1	0.0130215
263	92.4259	1.57927	1.22712	0.458118	54.1591	-85.6772	806.807	0.1	0.0130215
264	92.4259	-0.0303076	0.0022168	0.00978138	-1303.37	-692.79	-4039.8	0.1	0.0130215
265	92.4259	-0.281545	-0.0243661	-0.0116116	3963.21	-520.823	-2163.64	0.1	0.0130215
266	92.4259	0.192742	-0.0106397	-0.10447	1210.59	685.426	2358.8	0.1	0.0130215
267	92.4259	0.0395202	-0.0418987	-0.00510722	332.517	-1821.34	4219.06	0.1	0.0130215
268	92.4259	0.0476557	0.0239839	0.0934857	-1908.65	4905.93	-227.786	0.1	0.0130215
269	92.4259	0.214568	1.40476	-0.483761	105.019	-1788.17	-123.505	0.1	0.0130215
270	92.4259	0.0127086	0.00361442	-0.0167631	-5902.47	4029.8	-4474.81	0.1	0.0130215
271	92.4259	0.0727573	-0.130338	0.157361	-824.99	1449.97	1062.52	0.1	0.0130215
272	92.4259	0.0620452	-0.633718	-1.1121	561.311	-481.539	-350.457	0.1	0.0130215
273	92.4259	-0.0847898	0.0619696	-0.0717224	2547.75	2173.68	1622.9	0.1	0.0130215
274	92.4259	0.0724718	0.0590874	0.0234504	-1420.96	-3006.84	-1107.51	0.1	0.0130215
275	92.4259	0.0822827	-0.0356653	-0.0274207	-96.0834	-2161.52	1636.57	0.1	0.0130215
276	92.4259	-0.074696	0.135209	-0.237573	-1250.15	292.964	1676.12	0.1	0.0130215
277	92.4259	-0.0284783	0.114533	-0.249785	-986.443	-15.6921	-711.119	0.1	0.0130215
278	92.4259	-1.15234	-0.365496	-0.43984	-771.358	1395.56	1802.42	0.1	0.0130215
279	92.4259	-0.103006	0.102286	-0.0659291	1943.42	535.361	-572.443	0.1	0.0130215
280	92.4259	0.362574	-0.0346466	0.0240117	-808.667	976.031	-720.235	0.1	0.0130215
281	92.4259	0.026166	-0.565031	1.15643	640.811	-537.172	-875.972	0.1	0.0130215
282	92.4259	0.0206997	0.0819734	-0.0230667	1470.71	884.561	-1095.83	0.1	0.0130215
283	92.4259	0.0245502	0.00317502	0.109237	-629.732	2143.31	1719.98	0.1	0.0130215
284	92.4259	0.39638	-0.00412705	-0.13901	-694.649	1620.33	733.47	0.1	0.0130215
285	92.4259	0.145936	0.0544503	0.107528	-154.533	-4583.79	801.513	0.1	0.0130215
286	92.4259	-0.135592	-0.0492071	-0.0478343	2143.13	2706.97	-2025.67	0.1	0.0130215
287	92.4259	0.0679004	-0.0603403	-0.102259	-702.162	3118.87	2383.91	0.1	0.0130215
288	92.4259	-0.206606	-1.40859	0.638705	-550.413	368.6	740.944	0.1	0.0130215
289	92.4259	-0.0412393	-0.121812	0.0354584	2545.76	33.4021	227.21	0.1	0.0130215
290	92.4259	0.00665609	0.00945183	0.0334725	-717.127	-715.699	-3234.96	0.1	0.0130215
291	92.4259	-0.210069	0.183368	0.0831732	802.898	267.01	-1829.03	0.1	0.0130215
292	92.4259	0.0128579	0.0147173	0.00434807	-302.976	811.846	-4336.09	0.1	0.0130215
293	92.4259	-0.208575	-0.129589	0.0798267	387.119	2218.42	-2188.77	0.1	0.0130215
294	92.4259	-0.0582499	-0.125638	-0.0698782	-1079.01	779.938	677.802	0.1	0.0130215
295	92.4259	0.887996	-1.92546	0.37944	720.02	44.6483	-166.383	0.1	0.0130215
296	92.4259	0.0122272	-0.0520311	-0.0596433	1053.18	-2286.03	131.679	0.1	0.0130215
297	92.4259	0.381582	-0.140518	0.0292735	440.339	1225.28	2983.4	0.1	0.0130215
298	92.4259	-0.13682	-0.0348438	0.155517	-1588.95	47.7672	-294.758	0.1	0.0130215
299	92.4259	0.00409547	-0.322015	-0.0870474	-39.59	-1221.55	1752.57	0.1	0.0130215
300	92.4259	0.45328	0.708019	0.447144	580.788	620.059	-1397.71	0.1	0.0130215
301	92.4259	0.289851	0.189776	-0.0109392	-961.686	-180.448	-1923.72	0.1	0.0130215
302	92.4259	0.070222	0.061911	0.251972	-1653.29	3027.27	255.766	0.1	0.0130215
303	92.4259	0.0141151	-0.0389673	-0.0159261	2290.3	3171.18	-85.3386	0.1	0.0130215
304	92.4259	0.0128151	-0.0093796	-0.0369909	1541.42	-1268.39	249.935	0.1	0.0130215
305	92.4259	0.199198	0.0919741	0.0387408	-555.914	-48.4991	262.823	0.1	0.0130215
306	92.4259	0.0131783	-0.032044	0.0017384	-1700.2	821.309	-2981.45	0.1	0.0130215
307	92.4259	1.09445	2.3583	-1.98153	-416.528	-329.608	-129.724	0.1	0.0130215
308	92.4259	-0.200454	-0.033299	-0.0430855	-1014.31	-2575.7	-42.1686	0.1	0.0130215
309	92.4259	-0.0204926	-0.140433	0.0842042	684.913	-2627.91	746.034	0.1	0.0130215
310	92.4259	-0.202296	0.260715	0.189359	965.45	-695.08	984.526	0.1	0.0130215
311	92.4259	-0.0110021	0.0498494	-0.107015	-4078.02	2055.94	-191.473	0.1	0.0130215
312	92.4259	-2.91301	0.472493	2.81211	-609.716	93.0829	-550.211	0.1	0.0130215
313	92.4259	1.20387	0.707249	-0.466726	-615.652	-200.286	385.051	0.1	0.0130215
314	92.4259	-0.0359443	0.118049	-0.0706476	-25.0498	394.536	151.682	0.1	0.0130215
315	92.4259	0.211893	-0.0537226	-0.10495	1380.04	-1037.12	-1131.46	0.1	0.0130215
316	92.4259	-0.0503808	0.0859278	-0.0113007	-171.371	138.993	954.54	0.1	0.0130215
317	92.4259	-0.273492	0.261575	0.0985061	1801.64	1122.44	-988.092	0.1	0.0130215
318	92.4259	-0.0786851	-0.00274555	0.0104144	415.525	2150.7	-4918.83	0.1	0.0130215
319	92.4259	0.216903	0.135802	-0.0741355	1966.16	273.376	-1611.12	0.1	0.0130215
320	92.4259	-0.106243	0.25509	-0.0201892	929.983	-296.081	-444.958	0.1	0.0130215
321	92.4259	0.191908	0.260775	-0.00417985	-3170.74	1881.89	-1414.63	0.1	0.0130215
322	92.4259	0.00560051	-0.00612362	0.0269232	5566.95	-8.27638	-1058.52	0.1	0.0130215
323	92.4259	0.0102298	0.131241	0.145076	-1627.14	453.381	781.529	0.1	0.0130215
324	92.4259	-0.186808	0.259497	0.0122893	1343.19	-1563.85	2092.91	0.1	0.0130215
325	92.4259	0.141289	-0.0584724	0.181864	-2046.98	2988.29	2329.83	0.1	0.0130215
326	92.4259	0.0187458	0.00653632	0.0105148	2789.38	2143.1	-1258.34	0.1	0.0130215
327	92.4259	-0.365161	0.0571818	-0.619798	-1941.12	89.5527	-259.511	0.1	0.0130215
328	92.4259	0.0866349	-0.0974161	-0.065251	-623.418	-391.461	-2171.11	0.1	0.0130215
329	92.4259	-0.0298738	0.0189912	0.00727938	-2370.11	-4566.79	-1572.57	0.1	0.0130215
330	92.4259	-0.0242218	-0.197731	0.160952	1608.67	-1127.2	-1165.75	0.1	0.0130215
331	92.4259	-0.0288832	-0.00231825	0.0232543	-4210.29	-701.295	5103.49	0.1	0.0130215
332	92.4259	-0.0256029	-0.119274	-0.14039	955.094	745.736	3439.21	0.1	0.0130215
333	92.4259	0.0843301	-0.0333297	-0.0341187	-2657.04	-1694.78	2247.92	0.1	0.0130215
334	92.4259	-0.0331799	-0.161429	-0.497454	281.892	1657.29	53.2333	0.1	0.0130215
335	92.4259	0.00033916	-0.176581	-0.2758	1886.56	758.116	311.262	0.1	0.0130215
336	92.4259	0.0506085	-0.351717	0.00971678	1193.12	-27.2915	-375.82	0.1	0.0130215
337	92.4259	-0.0635983	-0.16281	0.003328	1868.17	841.011	139.553	0.1	0.0130215
338	92.4259	-0.015435	-0.011098	0.0376222	-1019.22	3533.68	717.315	0.1	0.0130215
339	92.4259	0.00914873	0.0411768	0.0210563	-1564.58	107.613	-3585.44	0.1	0.0130215
340	92.4259	-0.0679463	0.0102488	0.0259369	2750.98	1382.15	2472.24	0.1	0.0130215
341	92.4259	-0.00399273	-0.203084	-0.0757193	1121.09	227.327	-425.568	0.1	0.0130215
342	92.4259	0.110018	0.00505518	0.129379	-223.278	1173.97	-1535.6	0.1	0.0130215
343	92.4259	-0.0510426	0.0116109	0.120676	-1985.07	44.4812	1782.47	0.1	0.0130215
344	92.4259	0.369775	1.04324	1.5061	1192.75	-34.0504	278.495	0.1	0.0130215
345	92.4259	0.0152865	-0.0109755	0.0224736	4639.99	407.296	-1268.84	0.1	0.0130215
346	92.4259	0.0892237	0.0649121	0.578649	147.568	-1312.14	-951.278	0.1	0.0130215
347	92.4259	-0.932154	0.755203	-0.408089	582.485	-29.8069	98.984	0.1	0.0130215
348	92.4259	0.242639	-0.0902916	0.192955	756.077	977.438	-1831.46	0.1	0.0130215
349	92.4259	-0.903967	-3.66191	-3.37311	-42.8159	249.868	133.398	0.1	0.0130215
350	92.4259	-0.0027975	0.00013058	-0.0754016	-3306.89	1617.4	-888.808	0.1	0.0130215
351	92.4259	0.0407311	0.113368	0.0298845	-1817.13	-2574.51	-1957.38	0.1	0.0130215
352	92.4259	0.0283492	-0.0523525	0.240302	2828.05	-1318.27	-18.9598	0.1	0.0130215
353	92.4259	-0.0218441	-0.0501484	-0.0326325	-841.686	387.991	-519.924	0.1	0.0130215
354	92.4259	-0.271884	-0.471815	0.0548458	-2013.3	154.679	820.123	0.1	0.0130215
355	92.4259	0.0154657	0.00819928	0.0069157	2565.55	-4529.13	2606.19	0.1	0.0130215
356	92.4259	0.196941	0.0636309	0.200897	-3139.71	1084.93	-2795.74	0.1	0.0130215
357	92.4259	0.242641	0.0579035	-0.269074	738.468	-2182.34	857.336	0.1	0.0130215
358	92.4259	-0.114092	-0.0147909	0.00231657	2630.86	785.111	-7.89096	0.1	0.0130215
359	92.4259	0.422931	2.01441	-0.391981	-384.878	-152.313	1651.57	0.1	0.0130215
360	92.4259	-0.0713297	0.0335317	0.0918147	3236.66	2345.64	-3527.49	0.1	0.0130215
361	92.4259	0.0318108	-0.0141503	-0.0825899	91.6296	3081.66	3681.24	0.1	0.0130215
362	92.4259	-0.143922	0.0422334	-0.0881731	40.9842	-2711.92	2479.62	0.1	0.0130215
363	92.4259	0.0114318	0.0231627	0.0269451	-4838.78	-942.501	5144.06	0.1	0.0130215
364	92.4259	0.0366144	-0.0307852	0.0633919	-702.017	-543.151	5126.78	0.1	0.0130215
365	92.4259	0.0489043	0.617665	-0.0869059	-580.682	660.194	2075.92	0.1	0.0130215
366	92.4259	0.0216638	0.0356559	-0.0154151	-4497.15	-1643.65	342.985	0.1	0.0130215
367	92.4259	0.0244851	-0.0375412	0.0318328	68.9805	819.366	738.609	0.1	0.0130215
368	92.4259	-0.0371264	0.265914	-0.0998937	-331.457	1208.91	-821.627	0.1	0.0130215
369	92.4259	-0.147292	0.178808	-0.0233441	700.46	4823.32	1945.72	0.1	0.0130215
370	92.4259	0.0445885	-0.0267761	-0.0877309	-1700.43	879.175	-1355.77	0.1	0.0130215
371	92.4259	-0.229593	-0.307708	0.783877	360.573	-16.5145	728.591	0.1	0.0130215
372	92.4259	1.9376	-1.04265	0.429522	-250.145	-592.138	-824.046	0.1	0.0130215
373	92.4259	-0.170994	0.556555	0.0773399	1229.19	1632.25	85.4658	0.1	0.0130215
374	92.4259	-0.0198748	-0.0140322	-0.0155206	-927.7	-2044.94	925.286	0.1	0.0130215
375	92.4259	0.0485246	-0.026369	0.00246952	804.051	3002.69	-3073.58	0.1	0.0130215
376	92.4259	0.622057	0.269729	0.19627	-860.261	-229.815	-751.98	0.1	0.0130215
377	92.4259	-0.246133	0.247685	0.587102	-753.216	-198.127	346.762	0.1	0.0130215
378	92.4259	-0.0766681	-0.0687927	-0.0348512	1616.79	-1988.8	1988.83	0.1	0.0130215
379	92.4259	-0.0128863	0.0012205	-0.00163772	3736.33	-688.654	-2654.6	0.1	0.0130215
380	92.4259	-21.067	-22.56	32.775	-130.266	-46.9452	-132.517	0.1	0.0130215
381	92.4259	0.0766811	-0.276533	-0.497956	-1382.58	825.252	-728.595	0.1	0.0130215
382	92.4259	0.180091	-0.192608	0.00752698	160.311	1146.09	460.129	0.1	0.0130215
383	92.4259	0.156913	-0.0776072	0.0374709	-2057.87	1860.61	1183.68	0.1	0.0130215
384	92.4259	-1.5156	-1.83319	1.02181	-309.292	-297.175	-371.255	0.1	0.0130215
385	92.4259	0.0444699	0.00677168	0.0492172	-683.811	5175.83	415.701	0.1	0.0130215
386	92.4259	-0.119135	-0.7161	-1.17588	-639.72	-82.0999	1474.87	0.1	0.0130215
387	92.4259	-0.0105299	0.00762124	0.0281934	-1014.77	1115.83	638.39	0.1	0.0130215
388	92.4259	0.0437399	-0.0938732	-0.0812529	-1833.48	2484.96	-2193.91	0.1	0.0130215
389	92.4259	-0.0623198	0.101146	-0.0855702	-1095.32	-2627.33	-2055.39	0.1	0.0130215
390	92.4259	0.00930448	0.00497781	0.0129543	512.883	3060.0	2261.08	0.1	0.0130215
391	92.4259	0.0305057	0.0707354	0.0554353	1759.13	991.992	1835.76	0.1	0.0130215
392	92.4259	0.53718	0.0806655	-0.210409	116.82	-395.031	-1579.76	0.1	0.0130215
393	92.4259	-0.0137752	-0.0764884	-0.0478262	510.126	-4066.45	458.951	0.1	0.0130215
394	92.4259	0.0247932	0.0276585	0.124396	1582.25	2932.16	682.888	0.1	0.0130215
395	92.4259	0.00315568	0.0345603	0.0149247	357.287	4757.89	-407.28	0.1	0.0130215
396	92.4259	-0.0577297	0.561551	-0.553668	-2086.54	-213.187	-165.216	0.1	0.0130215
397	92.4259	0.155572	-0.297459	0.276726	244.807	2173.8	-313.341	0.1	0.0130215
398	92.4259	-0.264769	0.0454228	0.0793146	889.716	850.372	3267.16	0.1	0.0130215
399	92.4259	0.0293316	0.0576113	0.00994493	-1554.88	-5409.56	-689.769	0.1	0.0130215
400	92.4259	-5.32362	1.17484	-2.00119	-0.299778	440.926	-612.78	0.1	0.0130215
401	92.4259	12.0884	-2.94117	3.74205	196.951	55.7808	256.742	0.1	0.0130215
402	92.4259	0.0894306	-0.191115	0.0773731	884.481	517.583	-770.222	0.1	0.0130215
403	92.4259	0.00389721	-0.00039801	0.0126128	1336.16	-2211.81	3578.11	0.1	0.0130215
404	92.4259	0.0374138	0.0099062	-0.209894	3367.28	1535.83	2061.04	0.1	0.0130215
405	92.4259	0.00596472	-3.233e-05	-0.00369015	1106.44	-2241.22	-402.615	0.1	0.0130215
406	92.4259	-0.0743153	-0.406933	0.309393	216.84	-261.928	2790.31	0.1	0.0130215
407	92.4259	-0.0141027	0.00782063	0.00372322	-600.438	-2597.38	1065.8	0.1	0.0130215
408	92.4259	-0.452923	0.00282504	-0.257776	278.429	-2199.11	-1109.53	0.1	0.0130215
409	92.4259	0.202016	0.198282	0.381747	1925.04	1331.12	651.308	0.1	0.0130215
410	92.4259	0.00489783	0.0205429	-0.0212541	-2112.85	2500.4	-5013.98	0.1	0.0130215
411	92.4259	1.80297	-1.90305	0.676715	854.796	-8.9984	-158.575	0.1	0.0130215
412	92.4259	-0.532189	0.0179339	0.203923	-744.516	-1413.71	-1694.94	0.1	0.0130215
413	92.4259	44.8359	-43.3843	-106.096	170.835	66.8148	56.1131	0.1	0.0130215
414	92.4259	-0.0252368	-0.373675	-0.220176	-1128.97	-977.829	-1825.53	0.1	0.0130215
415	92.4259	-0.00342737	0.0232708	-0.00153347	3183.46	-192.816	-2185.59	0.1	0.0130215
416	92.4259	0.0013497	0.0307072	-0.12495	1832.65	-1650.52	-876.492	0.1	0.0130215
417	92.4259	1.77415	-2.39264	8.0341	326.098	-192.373	-273.047	0.1	0.0130215
418	92.4259	-0.0622276	-0.0803793	0.071074	-1909.86	1389.18	618.725	0.1	0.0130215
419	92.4259	0.0118982	0.0823456	0.0389523	608.683	1508.11	-689.376	0.1	0.0130215
420	92.4259	-0.183573	-0.795791	0.831301	-987.24	115.992	-352.95	0.1	0.0130215
421	92.4259	-0.0010519	-0.00111502	0.00022357	-774.784	-243.624	2169.47	0.1	0.0130215
422	92.4259	0.235664	-0.0812543	0.00606546	1162.37	1985.78	71.6426	0.1	0.0130215
423	92.4259	0.291265	-0.104045	-0.148082	-918.859	-337.916	-822.028	0.1	0.0130215
424	92.4259	0.0319697	-0.0420794	-0.194591	1259.04	-342.232	-1628.28	0.1	0.0130215
425	92.4259	-0.0164044	0.0167896	0.0556806	2144.68	-3165.55	-1302.69	0.1	0.0130215
426	92.4259	0.304288	-0.244591	0.0877528	-2126.89	-2139.11	148.922	0.1	0.0130215
427	92.4259	0.0622692	-0.0491433	-0.150514	-1875.8	3685.67	-706.048	0.1	0.0130215
428	92.4259	0.0599273	0.061714	-0.192617	-4164.59	1686.72	1543.35	0.1	0.0130215
429	92.4259	-9.2055	9.67946	-6.28949	188.258	214.675	74.8629	0.1	0.0130215
430	92.4259	-0.0991744	-0.0951971	-0.275722	886.376	219.457	289.54	0.1	0.0130215
431	92.4259	-0.0722055	0.138119	0.0168821	-3590.84	1015.77	-1677.8	0.1	0.0130215
432	92.4259	-1.7586	2.4587	4.33306	130.174	286.595	-137.495	0.1	0.0130215
433	92.4259	-0.177189	0.100748	0.262455	-1705.36	-424.543	-1886.23	0.1	0.0130215
434	92.4259	-0.0814344	-0.31954	0.0756729	-399.836	-454.68	1624.36	0.1	0.0130215
435	92.4259	-0.712341	-0.650374	-0.255551	-33.9484	559.113	-1266.47	0.1	0.0130215
436	92.4259	0.127932	-0.0759316	-0.112875	-2670.42	451.362	-278.665	0.1	0.0130215
437	92.4259	-0.0263129	0.0314635	0.0488049	2543.25	-1735.35	2673.86	0.1	0.0130215
438	92.4259	0.382989	0.789727	0.0376467	-841.337	538.91	-823.272	0.1	0.0130215
439	92.4259	-0.250543	-0.374501	0.0906712	1873.31	-406.022	255.976	0.1	0.0130215
440	92.4259	0.0385652	-0.0187994	0.0318437	-792.559	192.126	-2588.49	0.1	0.0130215
441	92.4259	0.0497911	0.208904	0.227052	-1061.36	-1879.01	-139.965	0.1	0.0130215
442	92.4259	0.753074	-0.139487	-0.115792	1215.92	87.5541	-1152.72	0.1	0.0130215
443	92.4259	-0.031792	0.0438707	0.0120732	4340.66	3437.86	2040.54	0.1	0.0130215
444	92.4259	0.00164361	-0.00049329	-0.00504175	717.365	951.935	-2468.77	0.1	0.0130215
445	92.4259	1.17259	-0.442775	-1.1745	-1251.61	1139.24	-460.359	0.1	0.0130215
446	92.4259	-0.0199444	-0.0826447	0.020797	-1992.25	-430.633	-469.648	0.1	0.0130215
447	92.4259	-0.0384229	-0.357848	0.101513	1783.35	2323.91	373.739	0.1	0.0130215
448	92.4259	-0.668244	0.546913	1.892	-259.33	-217.612	-886.151	0.1	0.0130215
449	92.4259	-0.0351337	0.150489	-0.0123858	-890.245	287.507	29.03	0.1	0.0130215
450	92.4259	-0.102438	-0.0270243	0.0327313	3056.86	2421.31	277.426	0.1	0.0130215
451	92.4259	-0.0661538	-0.00110751	-0.0603519	1490.82	1063.85	6602.43	0.1	0.0130215
452	92.4259	0.0410139	0.113672	-0.0194123	2937.6	-1690.44	-310.35	0.1	0.0130215
453	92.4259	-57.7514	16.0257	24.6265	49.3739	94.7848	-185.91	0.1	0.0130215
454	92.4259	0.333248	-0.0387281	0.134322	-226.519	1025.57	-934.954	0.1	0.0130215
455	92.4259	-0.0127769	0.0737749	-0.0138595	-1212.22	-3524.24	2725.29	0.1	0.0130215
456	92.4259	-0.00683899	0.00761753	-0.0219598	733.098	-2658.19	1349.19	0.1	0.0130215
457	92.4259	-0.482205	-0.124629	0.0219908	1542.31	1995.24	-962.743	0.1	0.0130215
458	92.4259	-0.382214	0.12376	-0.0660549	727.064	1126.23	-474.63	0.1	0.0130215
459	92.4259	0.037312	0.0356556	0.111993	423.426	1380.81	2810.36	0.1	0.0130215
460	92.4259	-0.0545104	-0.0526697	-0.0452434	2473.6	2140.99	897.44	0.1	0.0130215
461	92.4259	0.0314215	0.0871339	0.0606525	-1036.28	1190.35	-1113.4	0.1	0.0130215
462	92.4259	0.533137	1.30335	-0.782898	-1913.48	943.67	383.395	0.1	0.0130215
463	92.4259	0.102441	0.157863	-0.0710696	1767.22	-828.622	-1266.18	0.1	0.0130215
464	92.4259	-0.0155095	-0.0868087	0.0144508	1668.92	-3083.93	826.215	0.1	0.0130215
465	92.4259	-0.00554517	0.221408	0.0262199	-1230.36	1455.29	-37.622	0.1	0.0130215
466	92.4259	0.0342107	0.0315696	0.120229	2555.34	1116.23	4751.3	0.1	0.0130215
467	92.4259	-0.0606889	-0.00267794	-0.0485072	825.665	3137.17	1499.14	0.1	0.0130215
468	92.4259	-0.101703	0.31411	0.077982	-611.528	-3086.45	107.793	0.1	0.0130215
469	92.4259	-0.0919709	0.902464	-2.10684	-399.59	-918.358	1515.45	0.1	0.0130215
470	92.4259	-0.443774	0.103066	-0.20675	-226.754	1589.64	-425.07	0.1	0.0130215
471	92.4259	-0.206779	-0.0536322	0.175577	-1954.73	773.467	-2532.4	0.1	0.0130215
472	92.4259	0.00537631	-0.0129094	0.00600413	3250.83	-1795.19	-1146.41	0.1	0.0130215
473	92.4259	-0.0359482	0.0449906	0.0202273	2480.39	-17.8616	2814.61	0.1	0.0130215
474	92.4259	-0.239997	-0.00669353	0.565051	945.221	620.93	-1744.21	0.1	0.0130215
475	92.4259	0.181394	0.272251	0.132001	-936.358	-952.926	-1276.37	0.1	0.0130215
476	92.4259	-0.152239	0.0382614	0.404912	672.954	1801.52	-281.405	0.1	0.0130215
477	92.4259	0.329041	0.0816295	-0.0172169	1041.02	-1546.8	287.709	0.1	0.0130215
478	92.4259	0.0561253	-0.10616	0.0908931	2051.29	428.155	3538.31	0.1	0.0130215
479	92.4259	-0.0871952	-0.0272802	-0.0284718	2837.19	-2800.13	-906.519	0.1	0.0130215
480	92.4259	0.177727	0.120775	0.024557	-1625.05	-421.055	1388.91	0.1	0.0130215
481	92.4259	-0.793319	0.339164	-0.577568	-1402.76	1922.31	158.839	0.1	0.0130215
482	92.4259	0.743757	-0.267406	0.188718	99.683	-158.56	1527.32	0.1	0.0130215
483	92.4259	0.42951	-0.249363	-0.608462	845.212	-194.674	499.281	0.1	0.0130215
484	92.4259	0.0332164	0.03492	0.00217166	5549.97	410.999	1979.61	0.1	0.0130215
485	92.4259	-0.0110098	-0.00371513	-0.00037497	-346.374	324.289	-1816.97	0.1	0.0130215
486	92.4259	-0.0302849	-0.0259347	0.326126	-690.194	-1867.15	-819.223	0.1	0.0130215
487	92.4259	0.121487	-0.231185	0.286997	-130.622	1618.09	1181.51	0.1	0.0130215
488	92.4259	0.180953	0.103031	-0.033135	-2433.97	474.315	170.616	0.1	0.0130215
489	92.4259	-0.363602	-0.114843	-0.190822	-776.572	9.21475	572.077	0.1	0.0130215
490	92.4259	0.0618617	0.89702	0.0649652	45.8856	-643.902	1618.81	0.1	0.0130215
491	92.4259	0.0340332	0.00069898	-0.0269762	-508.224	2187.14	124.937	0.1	0.0130215
492	92.4259	-0.0474229	0.0350093	-0.0076549	-1742.59	-2758.28	-2369.45	0.1	0.0130215
493	92.4259	0.0498245	0.0062142	-0.0368416	544.275	-3109.36	184.746	0.1	0.0130215
494	92.4259	0.00764667	-0.00437839	-0.014124	321.384	5190.7	1434.96	0.1	0.0130215
495	92.4259	-0.0374704	0.0474133	0.107124	-1175.81	1313.73	3718.86	0.1	0.0130215
496	92.4259	-0.143965	-0.379374	-0.557901	-86.4872	-416.836	79.9017	0.1	0.0130215
497	92.4259	0.0598445	0.00416014	-0.0398975	734.351	3137.1	-1397.33	0.1	0.0130215
498	92.4259	0.20279	0.196415	-0.115005	-299.212	758.972	-198.462	0.1	0.0130215
499	92.4259	0.0132344	0.00151459	-0.0119325	-1885.36	-5128.97	2035.86	0.1	0.0130215
500	92.4259	0.0276529	0.194166	0.0413478	1423.49	415.132	290.361	0.1	0.0130215
501	92.4259	0.0327094	0.248802	-0.0906573	332.33	-2096.72	343.693	0.1	0.0130215
502	92.4259	-0.234367	-0.0624493	-0.376997	-1305.33	-114.189	-2277.82	0.1	0.0130215
503	92.4259	0.207075	0.13459	0.31	482.251	-13.4101	-2421.11	0.1	0.0130215
504	92.4259	-0.136626	-0.238755	0.106224	-1598.58	-1355.34	935.085	0.1	0.0130215
505	92.4259	0.0217606	-0.0378636	-0.0411768	927.201	-1411.2	-2806.66	0.1	0.0130215
506	92.4259	-0.00031599	-0.0632033	0.0886782	-3297.07	-2780.74	-1200.99	0.1	0.0130215
507	92.4259	-0.179648	1.33741	-0.923648	-481.318	239.202	557.605	0.1	0.0130215
508	92.4259	-0.188566	0.113331	-0.144086	-755.291	-829.445	-1517.64	0.1	0.0130215
509	92.4259	-0.206356	0.906049	-0.0328709	-1847.61	108.998	149.327	0.1	0.0130215
510	92.4259	0.222652	0.237979	-0.337971	2504.45	-535.983	-893.412	0.1	0.0130215
511	92.4259	-0.114447	0.0567259	-0.016691	-2164.13	-157.194	3792.08	0.1	0.0130215
512	92.4259	2.52828	0.109039	0.495167	-1135.12	-409.473	896.613	0.1	0.0130215
513	92.4259	-0.120187	-0.0210195	-0.100881	1807.01	-2666.98	-628.224	0.1	0.0130215
514	92.4259	0.144933	0.0817461	0.13297	602.885	-48.5058	-1313.8	0.1	0.0130215
515	92.4259	-0.111405	-0.153936	-0.0821584	373.309	-318.183	-2537.15	0.1	0.0130215
516	92.4259	-0.0524072	0.0689444	-0.0183866	-1366.42	2019.28	232.324	0.1	0.0130215
517	92.4259	0.149128	-0.628349	-0.0972583	208.414	1344.63	-829.55	0.1	0.0130215
518	92.4259	0.0682775	-0.128573	0.096809	-3158.28	319.233	-3140.24	0.1	0.0130215
519	92.4259	0.234067	0.228154	0.321562	-183.862	723.737	-136.433	0.1	0.0130215
520	92.4259	1.2564	2.60841	0.3536	418.64	699.261	50.9241	0.1	0.0130215
521	92.4259	-0.0500279	0.0081637	0.0805584	-2484.6	-161.313	-951.736	0.1	0.0130215
522	92.4259	0.108745	1.89402	2.14466	303.748	332.542	520.001	0.1	0.0130215
523	92.4259	0.0595214	-0.0494332	-0.0744056	-1678.78	1337.67	-2274.74	0.1	0.0130215
524	92.4259	0.0324652	0.057636	-0.00479795	1314.92	2176.23	1763.68	0.1	0.0130215
525	92.4259	0.104951	0.0698353	-0.0398183	123.76	1178.71	-2922.75	0.1	0.0130215
526	92.4259	-0.0740477	-0.193814	0.0739855	-210.675	-399.909	1222.92	0.1	0.0130215
527	92.4259	0.0695627	0.272693	0.247357	10.0047	-2177.08	-831.998	0.1	0.0130215
528	92.4259	-0.0584896	0.149763	0.0461176	168.428	-561.161	2559.19	0.1	0.0130215
529	92.4259	0.732546	-0.0930497	0.1131	1159.84	347.936	715.321	0.1	0.0130215
530	92.4259	0.150473	-0.211535	0.0795461	-1754.29	-1287.61	975.139	0.1	0.0130215
531	92.4259	-0.207124	0.0668691	0.037895	1714.57	2353.55	1761.44	0.1	0.0130215
532	92.4259	0.125145	-0.0759009	0.0338372	1561.51	-902.896	994.18	0.1	0.0130215
533	92.4259	0.275798	-0.151744	0.484268	1489.89	-1059.43	1691.81	0.1	0.0130215
534	92.4259	-4.06151	2.86291	1.02185	-789.935	-395.547	276.289	0.1	0.0130215
535	92.4259	-0.0805683	0.0261714	-0.0186115	-173.621	75.4528	447.799	0.1	0.0130215
536	92.4259	-0.0314985	-0.0177109	0.0112385	-3129.34	4192.1	88.3598	0.1	0.0130215
537	92.4259	-0.103991	-0.070044	0.288433	33.6538	-1538.59	-3223.22	0.1	0.0130215
538	92.4259	0.0172223	0.110269	0.192409	-1570.79	1369.31	1935.29	0.1	0.0130215
539	92.4259	-0.0327516	0.145865	-0.175702	1542.91	2235.45	2300.18	0.1	0.0130215
540	92.4259	0.00186136	-0.07162	0.175612	-1357.98	3587.22	645.401	0.1	0.0130215
541	92.4259	0.399722	0.0279835	0.498386	600.095	-815.493	-575.501	0.1	0.0130215
542	92.4259	-0.0213417	0.0128979	-0.0647679	-3425.37	3871.33	-4555.54	0.1	0.0130215
543	92.4259	-0.0423707	3.95792	2.61275	181.072	-927.099	-672.478	0.1	0.0130215
544	92.4259	-0.0229462	-0.0472783	-0.0680551	-25.0461	-2064.28	4022.33	0.1	0.0130215
545	92.4259	0.0220633	0.0230268	-0.0106688	1686.39	534.714	1828.84	0.1	0.0130215
546	92.4259	0.0293871	-0.00341358	-0.0469655	1303.92	-2316.32	-2205.13	0.1	0.0130215
547	92.4259	-0.133833	-0.0466056	-0.137952	-548.803	1078.97	-740.234	0.1	0.0130215
548	92.4259	-0.0191272	0.0500773	0.0158069	2242.57	-1482.9	-523.37	0.1	0.0130215
549	92.4259	0.0478865	0.0650528	0.048039	-3034.65	-1000.81	-3696.83	0.1	0.0130215
550	92.4259	-0.165235	-0.373162	0.540592	-90.59	-995.83	-1207.51	0.1	0.0130215
551	92.4259	-4.65773	1.35187	-0.796659	-470.543	170.093	114.661	0.1	0.0130215
552	92.4259	-0.0117332	0.021495	-0.00349142	-2973.16	-1557.12	75.5682	0.1	0.0130215
553	92.4259	0.0288	0.0578158	-0.0708003	1116.24	4534.28	2030.93	0.1	0.0130215
554	92.4259	1.32316	0.424476	-0.479534	27.443	-1004.37	103.027	0.1	0.0130215
555	92.4259	0.088484	-0.12386	-0.029408	-1798.4	2041.21	2878.03	0.1	0.0130215
556	92.4259	-0.0306199	-0.133378	0.0236578	-3257.19	-863.254	2261.89	0.1	0.0130215
557	92.4259	0.0134409	0.0600569	-0.0491661	-2567.88	5721.45	515.145	0.1	0.0130215
558	92.4259	-0.623824	0.365425	1.55741	586.673	-959.709	82.6032	0.1	0.0130215
559	92.4259	0.517444	0.545765	-0.441403	-19.8128	166.775	555.903	0.1	0.0130215
560	92.4259	0.0867336	-0.168152	0.0190099	2352.07	-319.953	2875.93	0.1	0.0130215
561	92.4259	0.00059998	-0.00429731	0.0110519	3230.81	353.337	-3419.76	0.1	0.0130215
562	92.4259	-0.0847875	-0.0420083	-0.00688509	3158.23	-3225.76	-1100.31	0.1	0.0130215
563	92.4259	-0.0625018	-0.628816	-0.316976	532.644	313.791	-1082.58	0.1	0.0130215
564	92.4259	-0.105009	0.0100941	-0.0209177	-801.791	247.3	945.403	0.1	0.0130215
565	92.4259	-0.0921611	0.0241616	0.106024	3870.87	-2834.15	1606.01	0.1	0.0130215
566	92.4259	0.101579	-0.0658958	-0.155428	-2024.61	-486.088	-2857.4	0.1	0.0130215
567	92.4259	-0.107221	0.00097171	-0.031158	-496.432	3499.4	-937.513	0.1	0.0130215
568	92.4259	0.00074529	-0.0682034	0.179374	2157.23	2667.66	1689.49	0.1	0.0130215
569	92.4259	0.0713417	0.0510412	-0.03647	3422.5	-1625.81	704.86	0.1	0.0130215
570	92.4259	-0.32056	2.22879	-0.636162	-603.126	20.2401	8.98242	0.1	0.0130215
571	92.4259	-0.0172918	0.0404547	0.0628831	-1213.38	-4416.66	-191.494	0.1	0.0130215
572	92.4259	0.0051766	-0.10472	-0.0252538	-4023.9	-12.1054	1319.97	0.1	0.0130215
573	92.4259	-0.422557	-0.0953524	0.371155	3191.55	695.964	1505.2	0.1	0.0130215
574	92.4259	-0.0326964	-0.029174	0.0288179	-1955.69	-22.2068	306.227	0.1	0.0130215
575	92.4259	-0.483916	2.50952	-6.35577	-319.715	251.526	559.219	0.1	0.0130215
576	92.4259	0.49018	1.50369	-1.26243	-221.458	-391.021	-456.94	0.1	0.0130215
577	92.4259	0.0139861	-0.00545782	-0.00872004	-1349.49	-465.052	2960.15	0.1	0.0130215
578	92.4259	0.00492194	-0.0018086	-0.00077199	847.492	3426.42	587.791	0.1	0.0130215
579	92.4259	0.0208047	0.321273	-0.0525697	1215.03	1192.31	64.4871	0.1	0.0130215
580	92.4259	0.00767817	0.0737437	0.0389975	876.776	-1140.89	-4486.55	0.1	0.0130215
581	92.4259	0.00984004	0.0753018	-0.0271911	807.062	-6330.99	-2339.32	0.1	0.0130215
582	92.4259	0.151057	-0.190225	-0.0511171	-717.014	-1027.61	-1292.37	0.1	0.0130215
583	92.4259	0.119302	0.1078	0.00814696	-4766.06	9.81715	1089.56	0.1	0.0130215
584	92.4259	-0.0233342	0.0712234	0.0754459	2064.22	-3173.15	-3143.67	0.1	0.0130215
585	92.4259	0.010232	-0.0407447	0.121514	-21.7518	-1752.21	242.125	0.1	0.0130215
586	92.4259	-0.0568079	-0.0826811	0.0712674	4796.96	-3427.73	-2744.91	0.1	0.0130215
587	92.4259	0.0502523	-0.0281422	0.00471189	-797.911	-2120.66	1659.04	0.1	0.0130215
588	92.4259	0.0406639	-0.064023	-0.0267133	280.323	2764.27	-1958.5	0.1	0.0130215
589	92.4259	0.0884442	0.126957	-0.080172	669.919	-1925.33	1258.71	0.1	0.0130215
590	92.4259	-1.11563	3.12565	1.84279	-490.617	-32.6994	309.722	0.1	0.0130215
591	92.4259	-0.00641236	0.00478606	0.00179099	1671.64	736.424	3256.33	0.1	0.0130215
592	92.4259	0.43983	0.278527	-0.626379	274.739	-5.02466	-66.8767	0.1	0.0130215
593	92.4259	0.0458131	0.253565	-0.246731	-437.134	-1200.8	-1004.36	0.1	0.0130215
594	92.4259	1.213	-0.638504	-0.105307	1077.24	-1088.2	764.755	0.1	0.0130215
595	92.4259	0.0123284	-0.0329837	-0.0162576	1832.24	-3231.61	-1906.38	0.1	0.0130215
596	92.4259	0.103089	0.0169161	0.0549407	2549.39	2584.83	530.267	0.1	0.0130215
597	92.4259	0.0355557	-0.00383077	0.0399721	1231.92	-2054.04	-1092.63	0.1	0.0130215
598	92.4259	-0.0977989	0.0516305	0.0551948	-1409.05	-107.189	-1254.53	0.1	0.0130215
599	92.4259	-0.139601	-0.102368	-0.161962	473.887	9.40518	-2362.87	0.1	0.0130215
600	92.4259	-0.24276	-0.0196271	0.0947319	520.532	2351.56	-1714.38	0.1	0.0130215
601	92.4259	-0.0169286	0.0270614	-0.00200254	-2619.44	-3312.23	596.514	0.1	0.0130215
602	92.4259	0.918042	-16.5497	17.505	289.692	-14.2329	-106.378	0.1	0.0130215
603	92.4259	-0.0152405	0.00335863	0.0104533	-866.214	3676.59	3388.31	0.1	0.0130215
604	92.4259	-0.358221	-0.0422994	0.182687	-1284.61	2815.8	2593.89	0.1	0.0130215
605	92.4259	2.31628	1.6714	1.80714	-42.0215	-21.6055	304.637	0.1	0.0130215
606	92.4259	-18.8883	17.0629	24.3877	-14.64	249.924	-135.258	0.1	0.0130215
607	92.4259	-0.0353846	0.0637883	-0.10437	-1774.54	-680.03	-975.586	0.1	0.0130215
608	92.4259	-0.0130831	-0.0710041	0.0225076	1068.06	-2484.62	2872.04	0.1	0.0130215
609	92.4259	-0.182831	-0.414085	-0.0870086	-608.823	-894.426	1001.86	0.1	0.0130215
610	92.4259	0.748043	-1.06774	1.78046	-867.245	-103.549	719.69	0.1	0.0130215
611	92.4259	-0.303512	-0.265996	-0.213735	-681.831	1057.83	2329.75	0.1	0.0130215
612	92.4259	-0.139594	0.0594329	0.0956495	1672.08	3277.92	-3035.77	0.1	0.0130215
613	92.4259	-0.0369441	-0.452091	0.0971606	-2450.62	-1195.83	1364.7	0.1	0.0130215
614	92.4259	-0.0511369	-0.348502	-0.054043	-1566.38	167.904	1196.88	0.1	0.0130215
615	92.4259	-0.0655966	-0.00491762	-0.0871513	-157.086	-277.993	-2623.5	0.1	0.0130215
616	92.4259	0.0774615	-0.272344	0.00968827	-1698.63	-1517.79	34.99	0.1	0.0130215
617	92.4259	0.00768484	0.0136537	0.00621421	1884.72	642.576	1567.05	0.1	0.0130215
618	92.4259	-5.31336	1.82899	-2.35384	-338.907	-227.572	466.383	0.1	0.0130215
619	92.4259	-0.0474554	-0.0768081	0.0865566	925.516	-1508.86	-2640.17	0.1	0.0130215
620	92.4259	0.0176583	-0.232674	0.00021052	-2993.17	-1621.49	-664.248	0.1	0.0130215
621	92.4259	0.138298	-0.0352462	0.0250135	1198.69	4047.08	-1146.05	0.1	0.0130215
622	92.4259	0.0232126	0.0147028	-0.0453542	-526.017	-2519.47	-3872.58	0.1	0.0130215
623	92.4259	-0.228941	-0.412854	-0.116632	-579.874	-154.71	-2783.95	0.1	0.0130215
624	92.4259	-0.713589	-0.306085	0.977387	1348.49	-850.202	-252.71	0.1	0.0130215
625	92.4259	0.0742166	0.06839	0.0616021	-1769.71	1849.2	2065.86	0.1	0.0130215
626	92.4259	-0.0777677	-0.140188	-0.0313491	3389.09	-3029.42	-37.2962	0.1	0.0130215
627	92.4259	0.0311142	0.0505281	0.032633	-1524.63	1890.76	-3681.18	0.1	0.0130215
628	92.4259	-1.10839	0.462294	-2.7989	573.108	-201.837	487.887	0.1	0.0130215
629	92.4259	0.123616	-0.0185796	0.110184	-2778.64	-27.7741	-948.484	0.1	0.0130215
630	92.4259	-0.0263958	-0.154075	0.20671	-1384.59	-3755.21	-1254.38	0.1	0.0130215
631	92.4259	0.0311785	-0.0102131	-0.0265781	-1592.55	1884.26	1302.43	0.1	0.0130215
632	92.4259	-0.0296514	0.0295915	-0.0395861	2422.48	-2689.49	2354.77	0.1	0.0130215
633	92.4259	-1.32179	-0.73544	-1.10602	1159.11	-537.045	-461.098	0.1	0.0130215
634	92.4259	0.0518547	-0.906671	-1.09224	-203.732	-320.846	-37.2241	0.1	0.0130215
635	92.4259	-4.84713	6.45	-6.26778	-255.4	234.11	-208.355	0.1	0.0130215
636	92.4259	-0.866761	-0.831073	-1.4613	768.293	710.744	207.243	0.1	0.0130215
637	92.4259	-0.108402	0.0435983	0.0593235	-345.847	-2560.58	-2845.72	0.1	0.0130215
638	92.4259	-0.519615	2.21386	-1.99901	-52.2064	-181.315	109.368	0.1	0.0130215
639	92.4259	-0.297002	0.0835714	0.115003	-2341.66	-2419.71	563.044	0.1	0.0130215
640	92.4259	-0.0443832	0.0651813	0.107493	1106.21	-936.488	-1153.79	0.1	0.0130215
641	92.4259	-0.12668	-0.0461214	-0.15805	-1858.81	-1785.55	1745.8	0.1	0.0130215
642	92.4259	0.139587	-0.371766	-0.159832	-715.96	-58.2246	-2681.1	0.1	0.0130215
643	92.4259	-0.0210508	0.0415657	-0.0300808	1730.44	2134.22	-1895.56	0.1	0.0130215
644	92.4259	0.352213	0.324125	0.956426	-353.502	519.559	938.641	0.1	0.0130215
645	92.4259	-0.0281937	-0.00529964	-0.0186905	-2664.69	35.169	-2475.77	0.1	0.0130215
646	92.4259	-0.0142803	0.00034093	-0.032819	191.833	4971.09	4467.68	0.1	0.0130215
647	92.4259	-0.0670236	-0.0642558	0.0544262	-4850.01	-21.0345	-2457.5	0.1	0.0130215
648	92.4259	1.03961	0.35674	-1.29658	455.937	1216.63	-370.378	0.1	0.0130215
649	92.4259	0.0818602	-0.26853	-0.17636	-2652.6	-138.641	456.997	0.1	0.0130215
650	92.4259	0.122528	-0.0377954	-0.104337	990.917	-749.859	220.164	0.1	0.0130215
651	92.4259	-0.261607	-0.0303088	-0.165326	1291.53	-2638.31	-122.163	0.1	0.0130215
652	92.4259	-0.129259	0.0514989	0.0695312	-939.72	-475.204	2266.21	0.1	0.0130215
653	92.4259	-0.0265874	-0.0564231	-0.00742606	-2266.56	-1852.57	615.646	0.1	0.0130215
654	92.4259	-0.0892959	-0.0958106	-0.0759224	3335.62	1681.66	-989.437	0.1	0.0130215
655	92.4259	-0.0707365	-0.203685	0.271155	-791.435	757.371	-163.103	0.1	0.0130215
656	92.4259	-0.099538	0.0145433	-0.141529	45.1305	-1687.5	1207.81	0.1	0.0130215
657	92.4259	-0.0211764	0.132363	0.171774	-457.115	-670.826	-194.655	0.1	0.0130215
658	92.4259	-0.140689	-0.140777	0.0501492	1101.69	1067.15	-1845.94	0.1	0.0130215
659	92.4259	1.35356	0.708461	-0.70776	-817.089	295.19	-763.425	0.1	0.0130215
660	92.4259	-1.25584	-1.07064	0.372106	-911.749	-562.785	-73.2404	0.1	0.0130215
661	92.4259	0.399288	-0.389466	0.588139	481.034	1107.77	1278.4	0.1	0.0130215
662	92.4259	-0.0504314	-0.161287	-0.0309879	-1675.58	2602.55	-513.057	0.1	0.0130215
663	92.4259	0.0113224	0.00226614	0.0196597	-1635.78	2895.7	3922.07	0.1	0.0130215
664	92.4259	-0.0778367	-0.0337313	0.0266216	-4690.41	667.397	1648.39	0.1	0.0130215
665	92.4259	-0.0522746	0.132445	0.121335	-3766.61	-638.13	1220.36	0.1	0.0130215
666	92.4259	-0.00027191	-0.00106679	-0.00247507	1848.57	2896.07	-109.503	0.1	0.0130215
667	92.4259	0.0509425	0.0843583	0.00893342	665.299	-2577.16	-4793.1	0.1	0.0130215
668	92.4259	-1.06188	-0.0556865	0.650716	-501.291	-836.971	297.311	0.1	0.0130215
669	92.4259	-0.201837	-0.00236066	-0.165648	-1035.7	364.542	-1085.85	0.1	0.0130215
670	92.4259	0.148271	0.514087	0.446241	1694.24	1897.46	117.108	0.1	0.0130215
671	92.4259	-0.0147966	-0.012303	0.0122289	6150.74	5237.49	-1589.12	0.1	0.0130215
672	92.4259	0.032544	-0.0216437	0.0175273	4033.47	1439.41	-1520.53	0.1	0.0130215
673	92.4259	0.0465706	-0.267757	-0.119937	1633.08	1233.25	-203.125	0.1	0.0130215
674	92.4259	-0.263818	-0.581531	-0.173026	-1671.49	-109.365	2095.24	0.1	0.0130215
675	92.4259	-0.317919	-0.361203	0.108329	699.986	2175.13	1654.55	0.1	0.0130215
676	92.4259	-0.381657	2.13719	-0.893891	208.843	-246.34	-50.1123	0.1	0.0130215
677	92.4259	-0.00276746	-0.00458873	0.00372129	-4955.76	868.548	135.279	0.1	0.0130215
678	92.4259	0.0428706	-0.0630269	-0.0260112	-94.5538	-1045.97	1998.35	0.1	0.0130215
679	92.4259	-0.0453747	0.0729103	0.0098134	737.246	1993.6	-969.721	0.1	0.0130215
680	92.4259	-0.171327	-0.70235	-0.473204	1199.94	235.397	-968.544	0.1	0.0130215
681	92.4259	-0.0552898	-0.0729355	-0.0651238	-348.561	-1234.57	-2613.56	0.1	0.0130215
682	92.4259	0.0160034	-0.0925204	-0.062522	-3592.79	837.956	1584.72	0.1	0.0130215
683	92.4259	-0.0485988	0.0120951	0.135293	2179.88	1074.34	-2355.79	0.1	0.0130215
684	92.4259	-0.773589	1.06769	-1.01371	338.221	-502.028	-1648.5	0.1	0.0130215
685	92.4259	0.0315548	-0.0103655	0.0287684	2024.36	-127.799	-1278.86	0.1	0.0130215
686	92.4259	-0.371768	0.156981	-0.535586	-900.875	1536.07	-612.369	0.1	0.0130215
687	92.4259	0.152278	-0.437028	0.140514	773.141	1465.34	1413.41	0.1	0.0130215
688	92.4259	-0.0481512	-0.0333155	0.00284767	3214.13	-1226.28	-2214.56	0.1	0.0130215
689	92.4259	-0.357526	0.184529	-0.0139037	-137.796	3016.39	1239.31	0.1	0.0130215
690	92.4259	0.0189291	0.021349	0.00982353	2952.9	1124.26	4838.62	0.1	0.0130215
691	92.4259	0.0728286	0.00580394	0.0560013	3510.22	1030.2	1515.14	0.1	0.0130215
692	92.4259	-1.70276	0.771611	0.949724	311.358	-48.122	243.24	0.1	0.0130215
693	92.4259	-1.2687	0.425263	-1.27038	-58.2913	41.7057	866.783	0.1	0.0130215
694	92.4259	-0.244474	0.333217	-0.0282961	1429.02	-827.966	1381.91	0.1	0.0130215
695	92.4259	-0.0339921	-0.108354	0.134022	-194.57	1287.86	1411.97	0.1	0.0130215
696	92.4259	-0.309625	-0.144644	-0.148444	2310.02	-620.253	-1502.1	0.1	0.0130215
697	92.4259	0.0918996	-0.0823765	-0.0583058	-705.443	-3602.2	1660.29	0.1	0.0130215
698	92.4259	-0.0801855	-0.0185384	-0.212589	2715.4	-2757.5	602.959	0.1	0.0130215
699	92.4259	0.0761545	-0.422532	-0.160941	829.501	-485.349	742.86	0.1	0.0130215
700	92.4259	0.0286317	0.00616832	-0.0605596	-1159.28	-1320.28	-5606.7	0.1	0.0130215
701	92.4259	0.0243627	-0.0620809	-0.0330817	771.059	702.255	-1150.16	0.1	0.0130215
702	92.4259	-0.0765128	0.0873488	0.0470288	527.072	2627.69	-3542.58	0.1	0.0130215
703	92.4259	0.0166397	-0.0556039	-0.0454638	5463.74	-879.552	4445.8	0.1	0.0130215
704	92.4259	0.187473	0.188079	-0.238898	1635.52	219.836	55.1849	0.1	0.0130215
705	92.4259	-0.140217	-0.747667	0.297991	1992.18	-516.717	1450.57	0.1	0.0130215
706	92.4259	0.0727448	-0.0357872	0.0398378	1356.12	-4001.33	1246.0	0.1	0.0130215
707	92.4259	0.0516952	0.457909	0.297685	2241.23	1683.47	-1469.19	0.1	0.0130215
708	92.4259	0.0266773	0.0490032	-0.0457093	3074.04	-3357.82	912.057	0.1	0.0130215
709	92.4259	0.916363	-0.202781	-0.847843	-468.429	-767.462	1009.93	0.1	0.0130215
710	92.4259	-0.320821	-0.304367	-0.104142	-1506.93	2181.61	1334.81	0.1	0.0130215
711	92.4259	0.0745042	0.119834	-0.0149155	1519.49	-3701.64	2084.66	0.1	0.0130215
712	92.4259	-0.0416892	0.0260573	-0.0226303	1319.22	596.384	-1307.13	0.1	0.0130215
713	92.4259	-0.785799	0.01748	0.0406631	-714.861	1704.05	1268.3	0.1	0.0130215
714	92.4259	-0.0529557	0.217709	0.151519	-1154.92	903.411	-1722.37	0.1	0.0130215
715	92.4259	-5.91469	1.82974	2.27724	65.4524	39.0055	-176.536	0.1	0.0130215
716	92.4259	0.0177888	0.0567516	0.203409	2119.15	1270.1	-163.768	0.1	0.0130215
717	92.4259	0.0175656	-0.00029554	0.0138526	967.452	1168.39	-2915.81	0.1	0.0130215
718	92.4259	-0.0847065	-0.0619312	0.179894	-994.708	-658.843	-1069.13	0.1	0.0130215
719	92.4259	-0.208004	-0.133215	0.0445043	1770.28	971.137	958.741	0.1	0.0130215
720	92.4259	0.389782	0.47632	0.0864206	-2185.13	-211.473	601.132	0.1	0.0130215
721	92.4259	-0.021768	0.00743268	0.0162896	3337.08	1206.58	1137.21	0.1	0.0130215
722	92.4259	-0.0584972	-0.098431	0.0185057	1973.85	-729.61	2559.79	0.1	0.0130215
723	92.4259	-0.0245114	-0.067869	0.0260201	1064.36	-1501.94	582.002	0.1	0.0130215
724	92.4259	0.0136404	0.00683543	-0.00586849	2056.79	-152.042	525.577	0.1	0.0130215
725	92.4259	-0.347061	0.1837	-0.284731	1713.46	1339.56	940.643	0.1	0.0130215
726	92.4259	-0.48125	-0.0943075	-0.111241	1585.82	-680.0	-1182.23	0.1	0.0130215
727	92.4259	-0.0597756	0.0600651	0.0540696	-1844.26	4014.39	1052.35	0.1	0.0130215
728	92.4259	0.024209	0.0554919	-0.120157	607.703	1272.14	-2759.85	0.1	0.0130215
729	92.4259	-0.0366058	0.0294897	0.0540843	1812.47	-4100.48	2107.04	0.1	0.0130215
730	92.4259	0.00106425	0.0428396	0.0177263	2466.61	560.437	915.21	0.1	0.0130215
731	92.4259	-0.121541	0.0500823	-0.0458585	4437.02	3420.78	-1250.47	0.1	0.0130215
732	92.4259	-0.00670879	-0.0295666	0.0800145	-732.192	435.516	307.149	0.1	0.0130215
733	92.4259	0.138312	-0.0308284	0.0854185	1361.69	-1456.8	-224.453	0.1	0.0130215
734	92.4259	-0.0420514	-0.0100602	0.00914723	-1708.39	3205.65	-1525.78	0.1	0.0130215
735	92.4259	0.0437869	0.162185	0.286345	575.75	-1435.59	-1008.83	0.1	0.0130215
736	92.4259	-0.127633	-0.155101	0.0327868	1070.9	1558.76	2840.06	0.1	0.0130215
737	92.4259	0.0586408	0.0511962	-0.246912	-1544.4	-1234.95	2095.81	0.1	0.0130215
738	92.4259	-0.0459746	0.160767	-0.0413017	1654.76	1594.87	-968.633	0.1	0.0130215
739	92.4259	-0.072284	0.0231665	0.0712802	-234.009	724.633	-2551.01	0.1	0.0130215
740	92.4259	0.08083	-0.127142	0.188465	185.151	1994.04	1303.05	0.1	0.0130215
741	92.4259	-0.0295249	-0.0277816	-0.0909292	3454.94	308.226	2517.42	0.1	0.0130215
742	92.4259	0.0418977	0.0175467	0.00163267	-2087.97	-936.269	-1398.73	0.1	0.0130215
743	92.4259	0.0347857	-1.37484	0.62502	496.494	657.964	869.022	0.1	0.0130215
744	92.4259	-0.0135104	-0.0199103	-0.00794639	711.981	677.329	-2047.3	0.1	0.0130215
745	92.4259	0.00325619	0.0122157	-0.00153751	738.047	-3124.43	580.267	0.1	0.0130215
746	92.4259	-0.289111	-0.0116298	-0.403672	945.076	60.3165	760.687	0.1	0.0130215
747	92.4259	0.0823376	0.246863	-0.305211	-261.604	322.441	-248.841	0.1	0.0130215
748	92.4259	0.252908	0.167431	-0.0331382	-1874.12	-648.619	-3396.92	0.1	0.0130215
749	92.4259	-3.53975	-0.77286	-0.693316	717.87	-1116.33	-481.786	0.1	0.0130215
750	92.4259	-0.0253498	-0.0316955	0.0167427	-2605.01	-1582.56	-1656.75	0.1	0.0130215
751	92.4259	-0.0550699	0.0485114	0.0761225	894.318	2931.15	547.333	0.1	0.0130215
752	92.4259	-0.0201221	0.0480082	0.0259628	2145.89	-3346.93	-2367.89	0.1	0.0130215
753	92.4259	-0.10511	0.0416182	0.0279724	-649.794	-2243.02	-2649.7	0.1	0.0130215
754	92.4259	0.0111965	-0.00059452	-0.0029985	2497.17	2004.93	-1012.77	0.1	0.0130215
755	92.4259	-0.330562	0.375645	-0.267635	1709.75	459.481	100.957	0.1	0.0130215
756	92.4259	0.132388	0.153639	0.0413441	588.259	-415.884	-57.916	0.1	0.0130215
757	92.4259	0.123895	-0.0776602	0.277268	2569.51	-404.234	2036.32	0.1	0.0130215
758	92.4259	58.412	10.0057	-14.7716	83.5636	21.2518	-59.8273	0.1	0.0130215
759	92.4259	0.696846	-1.32953	0.553205	-254.871	1820.76	837.438	0.1	0.0130215
760	92.4259	-0.00666362	-0.00299807	-0.215604	587.265	2411.98	463.808	0.1	0.0130215
761	92.4259	0.00090163	0.00537452	0.0114276	150.644	-2513.43	2221.97	0.1	0.0130215
762	92.4259	-0.127061	-0.00472993	0.027261	770.75	-34.5115	-2218.9	0.1	0.0130215
763	92.4259	-0.0180968	0.00433167	-0.00212319	-3881.49	50.4636	3027.36	0.1	0.0130215
764	92.4259	0.0965771	0.170781	-0.0370095	-1324.7	2358.99	988.052	0.1	0.0130215
765	92.4259	0.0180933	-0.0512378	-0.046479	3379.05	-2539.35	-1451.96	0.1	0.0130215
766	92.4259	0.16187	-0.109463	-0.0316522	231.486	-300.908	920.552	0.1	0.0130215
767	92.4259	0.0557352	-0.0687988	0.0350588	62.4794	1132.85	-37.4368	0.1	0.0130215
768	92.4259	-0.118832	0.0620505	0.0133441	-1313.66	-1129.62	5243.86	0.1	0.0130215
769	92.4259	0.282247	-0.465555	0.23508	-635.342	-1032.54	1250.73	0.1	0.0130215
770	92.4259	0.0650296	-0.0598697	-0.191819	-1194.68	-2534.87	496.883	0.1	0.0130215
771	92.4259	-223.647	107.114	-86.7131	38.7696	116.818	24.8648	0.1	0.0130215
772	92.4259	0.035844	0.165591	-0.135704	-3027.66	704.114	2026.27	0.1	0.0130215
773	92.4259	-0.0819819	0.399839	-1.87186	320.305	891.816	-1016.36	0.1	0.0130215
774	92.4259	0.203469	0.0865981	-0.0203118	1251.24	1896.8	-2323.37	0.1	0.0130215
775	92.4259	1.31808	-1.45444	-4.04914	-39.7591	-32.1853	31.3963	0.1	0.0130215
776	92.4259	-0.100659	0.0460646	0.117094	-864.505	783.59	-1277.54	0.1	0.0130215
777	92.4259	-0.640315	0.157669	-0.145483	-1419.56	1128.51	921.648	0.1	0.0130215
778	92.4259	-0.00034134	-0.00272047	-0.00072369	-888.783	308.947	855.623	0.1	0.0130215
779	92.4259	-0.0213586	-0.0844349	-0.0348314	-80.5584	-4303.24	-479.503	0.1	0.0130215
780	92.4259	-0.23217	-0.187723	-0.122761	-1948.65	-1251.06	-741.518	0.1	0.0130215
781	92.4259	0.196905	0.0499119	-0.00896591	582.723	-275.709	3003.39	0.1	0.0130215
782	92.4259	0.0568006	-0.714122	0.659997	-4.38427	-1098.66	179.783	0.1	0.0130215
783	92.4259	0.259106	-0.137109	0.00508995	-1772.39	-977.307	788.934	0.1	0.0130215
784	92.4259	0.0755977	-0.0167809	-0.0647384	598.203	-436.769	-1638.42	0.1	0.0130215
785	92.4259	0.00441477	0.00327638	0.00282003	-38.733	115.157	745.996	0.1	0.0130215
786	92.4259	-0.0307811	0.00274406	-0.0582502	-600.955	3598.81	-311.086	0.1	0.0130215
787	92.4259	-0.0278413	-0.109246	-0.158487	2148.37	3610.47	2194.57	0.1	0.0130215
788	92.4259	0.774796	0.460287	-0.791925	283.864	1087.46	-1017.73	0.1	0.0130215
789	92.4259	0.132585	0.0811727	-0.105579	1189.03	2622.64	-112.155	0.1	0.0130215
790	92.4259	-0.0529702	0.0445192	0.0696891	1805.92	151.299	1811.46	0.1	0.0130215
791	92.4259	0.0299375	0.0256852	-0.00265297	-673.197	-2550.09	1690.46	0.1	0.0130215
792	92.4259	0.00530515	-0.0192949	0.00647137	-5615.49	-2293.26	-138.767	0.1	0.0130215
793	92.4259	0.173562	-0.275493	-0.200322	1959.76	-1974.67	-1580.07	0.1	0.0130215
794	92.4259	-0.0535196	-0.117999	0.0374676	-2115.57	-2319.65	-811.162	0.1	0.0130215
795	92.4259	-0.209613	-0.0319039	-0.0620461	2056.64	-2022.92	2410.64	0.1	0.0130215
796	92.4259	0.00889331	0.243361	0.217184	551.657	552.877	-50.3981	0.1	0.0130215
797	92.4259	-0.0289634	-0.0732273	0.0717912	-2849.45	1618.99	2958.7	0.1	0.0130215
798	92.4259	0.130839	0.0708533	0.0145005	2253.31	-1304.77	247.804	0.1	0.0130215
799	92.4259	0.0173531	0.0482732	-0.0575821	296.033	386.942	-183.328	0.1	0.0130215
800	92.4259	0.0121657	0.00565504	0.0182444	594.284	247.505	-312.563	0.1	0.0130215
801	92.4259	0.191216	-0.798159	-0.42285	-252.596	476.141	-578.488	0.1	0.0130215
802	92.4259	0.518593	0.0966438	0.431303	-705.768	-741.817	-1354.36	0.1	0.0130215
803	92.4259	-0.0749613	-0.182668	-0.17201	219.85	2218.57	1264.89	0.1	0.0130215
804	92.4259	-0.0264058	0.156588	0.291043	-2852.46	926.383	1399.22	0.1	0.0130215
805	92.4259	0.0209322	0.0688708	0.0612378	2065.55	1753.18	-1169.37	0.1	0.0130215
806	92.4259	1.53728	-0.361418	0.879314	-428.609	658.265	24.323	0.1	0.0130215
807	92.4259	0.0442689	0.0439183	0.0488966	1426.86	198.345	259.462	0.1	0.0130215
808	92.4259	0.014965	0.00846903	-0.006287	-217.075	2717.21	523.579	0.1	0.0130215
809	92.4259	-0.0954315	0.0376101	-0.095019	1818.07	-637.641	-1541.79	0.1	0.0130215
810	92.4259	-0.714294	0.713022	-0.945807	224.287	-44.7173	-793.272	0.1	0.0130215
811	92.4259	0.0703543	0.108292	-0.0389265	3321.76	1032.24	-134.708	0.1	0.0130215
812	92.4259	-0.00215284	0.00271184	0.00255864	1669.22	-1190.35	-749.749	0.1	0.0130215
813	92.4259	0.846586	-0.324344	-1.04917	210.852	-1273.53	-333.953	0.1	0.0130215
814	92.4259	0.0289129	0.00064977	-0.0040512	2788.5	3272.55	-5255.44	0.1	0.0130215
815	92.4259	0.00453043	-0.0330132	0.0134983	-634.388	341.375	1006.9	0.1	0.0130215
816	92.4259	0.10089	-0.0815602	0.348395	806.008	-482.817	-830.892	0.1	0.0130215
817	92.4259	0.12174	-0.0273185	0.168858	5.02989	1524.31	-1213.04	0.1	0.0130215
818	92.4259	1.53818	-0.0462064	2.28855	-669.953	-208.227	502.918	0.1	0.0130215
819	92.4259	0.00137423	-0.00026267	-0.0021608	-69.3786	483.154	-482.092	0.1	0.0130215
820	92.4259	-0.0208037	-0.00100759	-0.021325	2140.14	-2868.54	1120.3	0.1	0.0130215
821	92.4259	-0.163291	-0.194891	-0.191375	1926.19	2178.47	907.115	0.1	0.0130215
822	92.4259	0.0489188	0.0176774	0.062794	-2174.75	146.82	912.53	0.1	0.0130215
823	92.4259	0.0494868	0.0336087	-0.0739571	-1998.9	-2109.31	1668.13	0.1	0.0130215
824	92.4259	-0.808644	0.489417	0.28404	271.009	-92.9775	931.189	0.1	0.0130215
825	92.4259	-0.0159665	0.516083	-0.354381	-1410.89	362.278	-380.195	0.1	0.0130215
826	92.4259	0.0740748	-0.0914806	-0.0714299	-527.118	1578.75	264.915	0.1	0.0130215
827	92.4259	0.669912	-0.151107	1.59228	-300.18	370.763	-2.16514	0.1	0.0130215
828	92.4259	-0.0215447	0.0309553	0.0291203	-3835.71	-3569.31	-2103.45	0.1	0.0130215
829	92.4259	-0.0408244	0.0116812	-0.16391	-697.534	135.501	388.186	0.1	0.0130215
830	92.4259	0.0254794	-0.138872	-0.0132634	-1768.15	1196.49	1264.37	0.1	0.0130215
831	92.4259	0.0528503	0.185207	-0.0368522	1861.31	2077.86	1852.65	0.1	0.0130215
832	92.4259	-0.045187	0.00947537	0.0752915	94.3304	-1136.57	2053.03	0.1	0.0130215
833	92.4259	-0.199992	0.308703	-0.0068529	1700.65	165.555	284.384	0.1	0.0130215
834	92.4259	-0.0459207	-0.0196097	0.0377416	934.305	-80.8727	-771.27	0.1	0.0130215
835	92.4259	-0.067533	-0.0791221	0.0259785	3338.95	-2011.24	1144.24	0.1	0.0130215
836	92.4259	0.0852704	-0.480984	0.03432	-747.746	225.771	-1072.98	0.1	0.0130215
837	92.4259	0.0577077	-0.0540088	-0.0389397	-2109.09	-439.013	2133.34	0.1	0.0130215
838	92.4259	-0.0125706	0.012035	-0.0379716	-1326.19	4392.05	2041.19	0.1	0.0130215
839	92.4259	0.561863	1.02509	0.544875	-200.922	1720.62	936.119	0.1	0.0130215
840	92.4259	0.0690689	-0.0351542	0.13558	266.141	255.091	54.1035	0.1	0.0130215
841	92.4259	0.00356372	-0.00039759	0.00307347	-2622.34	5589.5	2365.2	0.1	0.0130215
842	92.4259	-0.925308	-0.243871	-0.0846787	-562.194	-1741.41	257.439	0.1	0.0130215
843	92.4259	-0.0112844	-0.00232228	0.00198899	-809.718	-1889.58	-5950.83	0.1	0.0130215
844	92.4259	-0.0377278	0.0110696	-0.00707181	4906.05	-2274.26	2987.09	0.1	0.0130215
845	92.4259	0.028145	0.0765229	-0.144388	434.88	1333.0	-425.508	0.1	0.0130215
846	92.4259	0.00800151	-0.0155873	0.023178	-903.5	2493.01	-1671.98	0.1	0.0130215
847	92.4259	15.6014	-0.471691	12.8785	-251.902	-53.4935	454.731	0.1	0.0130215
848	92.4259	-0.00791033	0.44037	-0.440804	-336.929	-446.387	2010.57	0.1	0.0130215
849	92.4259	0.0857062	-0.0265064	-0.0515742	-2120.19	2369.6	-2535.02	0.1	0.0130215
850	92.4259	0.0593112	-0.116851	-0.0462054	-494.358	-2662.81	-3031.77	0.1	0.0130215
851	92.4259	-0.0193056	-0.0859338	0.00497943	-407.74	634.255	-4780.68	0.1	0.0130215
852	92.4259	-0.404111	-1.04537	0.585703	526.042	207.256	590.26	0.1	0.0130215
853	92.4259	-14.8135	1.29224	-18.7703	-12.2162	89.0911	235.578	0.1	0.0130215
854	92.4259	-0.0423573	0.43165	-0.332124	980.108	-108.936	1574.29	0.1	0.0130215
855	92.4259	0.642239	0.384537	-0.326809	2433.87	-494.297	1348.87	0.1	0.0130215
856	92.4259	-2.1079	-0.316234	-0.719894	259.995	605.92	-342.958	0.1	0.0130215
857	92.4259	-0.00547319	-0.0369933	-0.0704166	-1176.68	85.8005	-4502.36	0.1	0.0130215
858	92.4259	-0.0235269	0.0472036	-0.0275509	-1129.8	-758.007	-1535.75	0.1	0.0130215
859	92.4259	-0.173907	-0.318018	0.101517	-760.231	3505.41	-903.674	0.1	0.0130215
860	92.4259	-0.144223	0.0489057	0.17372	659.391	158.816	-411.311	0.1	0.0130215
861	92.4259	-0.930347	0.0767144	1.32748	-82.2168	323.3	-256.403	0.1	0.0130215
862	92.4259	-1.66578	-3.36973	0.796179	822.522	-73.4429	-5.71185	0.1	0.0130215
863	92.4259	-0.458961	-0.0311655	-0.141088	322.49	-3013.74	-410.871	0.1	0.0130215
864	92.4259	-0.292472	0.404158	-0.115492	934.329	270.441	-202.754	0.1	0.0130215
865	92.4259	0.339364	-0.293282	-0.282328	595.172	1032.64	903.078	0.1	0.0130215
866	92.4259	0.0313398	-0.0256369	-0.0455173	883.693	2081.62	2169.04	0.1	0.0130215
867	92.4259	-0.0443814	-0.00193277	0.0136191	-4918.37	396.461	-81.6348	0.1	0.0130215
868	92.4259	0.0189795	0.00622925	0.00177293	-4409.78	1478.61	3077.27	0.1	0.0130215
869	92.4259	-0.0123022	-0.0785905	-0.0519506	2189.96	-188.235	-621.354	0.1	0.0130215
870	92.4259	-3.57907	-1.71221	2.24114	-339.445	-60.0702	-132.68	0.1	0.0130215
871	92.4259	-0.167951	-0.371318	0.252773	-1188.27	-478.198	-320.479	0.1	0.0130215
872	92.4259	0.0010488	0.00121552	0.0101258	-2538.52	1810.97	-2960.19	0.1	0.0130215
873	92.4259	-0.320806	-0.711143	-1.42405	-143.685	365.732	-175.76	0.1	0.0130215
874	92.4259	0.0199607	-0.0628994	-0.070503	350.276	-1531.09	-1452.26	0.1	0.0130215
875	92.4259	-0.103738	-0.0776585	0.00533948	-760.194	-4470.23	-1999.05	0.1	0.0130215
876	92.4259	-1.43728	0.513383	1.27775	976.474	-1303.09	-812.599	0.1	0.0130215
877	92.4259	-0.0329	-0.736896	0.0971893	-1243.41	-1856.76	1037.86	0.1	0.0130215
878	92.4259	-0.265399	-0.166139	-0.670369	-854.84	889.682	-73.6248	0.1	0.0130215
879	92.4259	-0.0709835	-0.0226943	-0.0485514	-53.0027	1750.28	-902.856	0.1	0.0130215
880	92.4259	-0.0406753	-0.0406882	0.00363838	3018.5	-4023.3	1239.81	0.1	0.0130215
881	92.4259	0.0187031	-0.179538	-0.152061	-2136.95	-1546.59	825.161	0.1	0.0130215
882	92.4259	-0.0647741	0.149933	0.153845	-2489.92	-331.488	3136.95	0.1	0.0130215
883	92.4259	0.0115256	-0.0320744	-0.0222021	-105.039	1169.34	832.045	0.1	0.0130215
884	92.4259	0.24081	0.0215373	0.225093	-642.022	530.197	2159.5	0.1	0.0130215
885	92.4259	-0.183101	1.23992	1.36781	1000.58	-202.612	-745.976	0.1	0.0130215
886	92.4259	-0.00458988	0.145508	-0.0783913	1750.47	-144.806	-176.059	0.1	0.0130215
887	92.4259	0.0600585	0.0465222	0.150264	-3843.94	-101.16	2956.28	0.1	0.0130215
888	92.4259	0.110698	-0.208094	0.314709	1581.18	-522.099	-1168.02	0.1	0.0130215
889	92.4259	0.106885	0.143232	0.0478135	-929.662	-802.587	201.252	0.1	0.0130215
890	92.4259	0.304239	0.0683385	0.289169	-101.852	-258.583	2085.56	0.1	0.0130215
891	92.4259	0.149939	-0.00698719	-0.120802	-3548.76	-1485.15	787.302	0.1	0.0130215
892	92.4259	-0.0170397	0.0612192	-0.021876	-218.312	2409.53	-3782.56	0.1	0.0130215
893	92.4259	-0.0661596	0.020103	0.0683007	-475.391	2076.88	-1307.05	0.1	0.0130215
894	92.4259	0.176547	-0.13234	-0.0533285	627.449	-1091.97	2404.27	0.1	0.0130215
895	92.4259	0.0334177	-0.0121263	0.0552485	-1374.02	-1772.53	-70.2436	0.1	0.0130215
896	92.4259	0.00385825	0.0214368	0.022823	4594.93	-859.526	3494.12	0.1	0.0130215
897	92.4259	0.0294357	-0.0113714	0.0384303	-495.842	1381.69	-2676.27	0.1	0.0130215
898	92.4259	-4.10886	1.90031	4.02065	332.457	263.428	235.459	0.1	0.0130215
899	92.4259	0.0232563	0.0757339	-0.0728069	1052.19	-351.555	3429.91	0.1	0.0130215
900	92.4259	-0.0729629	0.086901	-0.146197	-1685.17	-583.711	-291.359	0.1	0.0130215
901	92.4259	-0.00022661	0.0423759	-0.0308305	-2879.05	-582.834	359.021	0.1	0.0130215
902	92.4259	0.484805	-0.698367	-0.175767	-1463.37	1453.67	795.31	0.1	0.0130215
903	92.4259	-0.00173047	-0.0912921	0.0456261	-3860.71	-502.404	1414.05	0.1	0.0130215
904	92.4259	-0.423533	0.390406	0.0136033	-1836.16	-348.62	-938.172	0.1	0.0130215
905	92.4259	-13.2157	3.94958	-8.54959	-78.3929	-281.517	-62.1378	0.1	0.0130215
906	92.4259	-0.0840585	-0.271019	-0.383467	843.602	174.314	-1071.4	0.1	0.0130215
907	92.4259	-0.0862924	-0.176908	-0.314374	-1422.86	-2628.74	-448.993	0.1	0.0130215
908	92.4259	0.124131	0.208397	-0.0728976	2617.75	-889.045	-2285.03	0.1	0.0130215
909	92.4259	-0.311988	0.245129	-0.155752	134.34	-266.155	704.059	0.1	0.0130215
910	92.4259	-0.030544	0.010051	0.0184723	-114.443	-82.9169	-4789.33	0.1	0.0130215
911	92.4259	1.06585	-0.571357	0.72534	-692.58	-848.964	1288.79	0.1	0.0130215
912	92.4259	0.066652	0.145882	-0.00100699	-208.053	-384.159	91.1189	0.1	0.0130215
913	92.4259	-0.210782	-0.18052	0.0266921	-2705.37	486.353	-751.608	0.1	0.0130215
914	92.4259	-0.234364	-0.0253086	0.146907	-732.899	356.733	979.013	0.1	0.0130215
915	92.4259	0.232858	0.0318214	-0.14899	-1637.59	778.868	-2156.05	0.1	0.0130215
916	92.4259	-3.19615	-4.60408	-6.01051	-661.876	278.629	-608.917	0.1	0.0130215
917	92.4259	0.0462668	0.0484457	-0.0800119	3885.56	-909.089	-1071.17	0.1	0.0130215
918	92.4259	0.00310268	0.0334854	0.127498	-1619.6	-1428.59	1673.73	0.1	0.0130215
919	92.4259	0.00029467	0.0170384	-0.0548059	-3905.41	816.054	687.67	0.1	0.0130215
920	92.4259	0.0232881	0.0943005	-0.0575207	-2197.54	-2091.31	-744.758	0.1	0.0130215
921	92.4259	-0.0446772	-0.0623334	-0.1325	1995.86	-573.193	-233.576	0.1	0.0130215
922	92.4259	-0.183008	-0.0625349	0.083689	639.842	-1313.85	1717.32	0.1	0.0130215
923	92.4259	0.0195432	0.110213	0.0628783	-990.637	1557.15	2348.24	0.1	0.0130215
924	92.4259	-0.110926	0.358178	-0.124125	-3150.65	956.789	-471.714	0.1	0.0130215
925	92.4259	0.00535755	0.011459	-0.00599963	1837.08	889.384	3711.77	0.1	0.0130215
926	92.4259	-0.342649	-0.722122	-0.0767156	-1540.88	1311.59	-1905.54	0.1	0.0130215
927	92.4259	0.198351	0.198885	-0.095788	1521.22	-381.882	-2405.81	0.1	0.0130215
928	92.4259	0.130395	0.225967	0.273441	242.207	-1435.4	1377.94	0.1	0.0130215
929	92.4259	-0.264229	0.335806	0.154469	1194.84	1458.3	1954.72	0.1	0.0130215
930	92.4259	0.0381978	-0.0239881	-0.0399982	195.513	-5108.76	2781.25	0.1	0.0130215
931	92.4259	-0.102109	-0.0655898	0.0525597	-1423.25	-461.801	-2679.19	0.1	0.0130215
932	92.4259	-0.260316	0.397658	0.0539382	-972.622	234.482	-1735.4	0.1	0.0130215
933	92.4259	-0.0921597	0.517491	-0.371851	-589.62	937.271	-1365.53	0.1	0.0130215
934	92.4259	-0.110796	0.00624504	0.00093646	-179.579	-169.272	-2702.99	0.1	0.0130215
935	92.4259	1.87478	1.30557	0.858694	336.704	-100.216	342.591	0.1	0.0130215
936	92.4259	-12.677	-38.4379	-5.46398	389.473	41.4216	167.543	0.1	0.0130215
937	92.4259	0.296747	0.0859927	0.274512	97.4882	-1109.9	-902.892	0.1	0.0130215
938	92.4259	-0.0816328	-0.0100051	0.0406071	1996.25	-4309.41	2452.05	0.1	0.0130215
939	92.4259	-0.0197289	-0.035593	0.00541346	3041.05	2744.3	4631.27	0.1	0.0130215
940	92.4259	0.29043	0.0810621	0.0754377	-984.716	1468.73	1220.4	0.1	0.0130215
941	92.4259	-0.0495403	-0.0231399	0.0557333	-111.368	-4180.29	904.885	0.1	0.0130215
942	92.4259	0.124937	0.198094	0.238089	-1280.02	-995.27	-873.89	0.1	0.0130215
943	92.4259	-0.14814	-0.00747347	0.145632	-230.002	-89.9788	-560.433	0.1	0.0130215
944	92.4259	-0.622724	-0.0105731	-0.257825	371.285	1831.63	-730.746	0.1	0.0130215
945	92.4259	0.00249423	-0.161752	0.0142008	4356.4	2606.44	545.372	0.1	0.0130215
946	92.4259	-1.08024	0.22625	-3.92494	-458.887	-431.175	-135.602	0.1	0.0130215
947	92.4259	0.0948371	-0.0933912	0.0992008	-1428.08	-1465.22	-725.885	0.1	0.0130215
948	92.4259	1.02819	0.843658	-1.76704	520.478	1145.95	-553.657	0.1	0.0130215
949	92.4259	0.032723	0.0876803	-0.130952	-2435.09	-266.828	-2502.87	0.1	0.0130215
950	92.4259	-0.108999	-0.173549	-0.0277624	-830.865	961.721	4337.92	0.1	0.0130215
951	92.4259	-2.75774	-4.77683	-3.25975	-587.837	388.081	275.605	0.1	0.0130215
952	92.4259	-0.118019	0.259955	-0.0236438	-1681.38	926.584	943.037	0.1	0.0130215
953	92.4259	4.67436	-2.74091	-0.871636	504.046	116.2	-294.309	0.1	0.0130215
954	92.4259	0.116838	-0.0429601	0.0255375	-1800.4	1671.54	1324.06	0.1	0.0130215
955	92.4259	0.0119863	0.0102681	-0.0100696	2768.89	243.362	393.727	0.1	0.0130215
956	92.4259	-0.156452	-0.17729	0.28963	555.514	284.339	1407.15	0.1	0.0130215
957	92.4259	0.0392332	0.0723052	0.318788	696.5	-1148.44	-2356.06	0.1	0.0130215
958	92.4259	-0.0316797	-0.0910714	-0.153115	-677.689	1603.93	110.742	0.1	0.0130215
959	92.4259	-0.0851515	-0.00648465	6.913e-05	696.053	44.8023	-68.1291	0.1	0.0130215
960	92.4259	1.08345	0.233495	-0.593305	368.362	191.99	-2019.31	0.1	0.0130215
961	92.4259	0.0513285	0.0351777	-0.0119788	696.024	-2302.19	223.268	0.1	0.0130215
962	92.4259	0.448601	-0.0147859	0.307655	-1909.73	-278.093	-766.044	0.1	0.0130215
963	92.4259	-0.00380214	-0.0136622	0.0580182	-1524.92	969.03	-2195.44	0.1	0.0130215
964	92.4259	0.0884152	-0.00748461	0.0686314	-2703.7	470.441	309.099	0.1	0.0130215
965	92.4259	-0.0551434	-0.0904226	-0.154375	1781.62	-425.419	-1195.02	0.1	0.0130215
966	92.4259	-0.00643768	-0.121114	-0.144206	-2.27313	122.54	-39.5053	0.1	0.0130215
967	92.4259	-0.0372924	-0.15895	-0.11984	-2619.97	543.955	-183.207	0.1	0.0130215
968	92.4259	0.977095	1.26894	-2.71879	349.323	1429.27	248.121	0.1	0.0130215
969	92.4259	0.0920783	0.00924155	0.0353372	2020.3	2500.21	-1443.65	0.1	0.0130215
970	92.4259	-0.0159804	-0.0409236	-0.0789725	-121.914	-983.588	3318.09	0.1	0.0130215
971	92.4259	0.394113	-0.125127	2.47452	387.765	580.768	325.513	0.1	0.0130215
972	92.4259	-0.0687524	0.087856	0.0546631	-575.279	1356.7	4299.7	0.1	0.0130215
973	92.4259	-2.14151	0.519008	6.71132	88.2648	-707.935	-188.941	0.1	0.0130215
974	92.4259	-0.0594653	0.239418	0.196461	-361.542	-870.597	-3501.31	0.1	0.0130215
975	92.4259	0.0230136	0.15145	0.0320851	-311.611	698.91	-2392.59	0.1	0.0130215
976	92.4259	-0.278871	-0.0200748	0.0107028	-765.083	2130.9	-532.012	0.1	0.0130215
977	92.4259	-0.289674	0.239448	0.179658	-1595.6	33.2795	-860.636	0.1	0.0130215
978	92.4259	-0.93309	-0.342072	0.143789	719.304	-536.693	-271.657	0.1	0.0130215
979	92.4259	0.0585903	0.0392254	0.220151	2072.78	981.852	-2544.68	0.1	0.0130215
980	92.4259	0.0418092	0.0126369	0.00899597	1213.7	-380.258	-1328.67	0.1	0.0130215
981	92.4259	-0.852913	0.472169	1.47516	-70.4776	-364.699	382.332	0.1	0.0130215
982	92.4259	-0.030379	0.162372	-0.122887	-3384.14	-90.9383	82.8698	0.1	0.0130215
983	92.4259	-0.0114388	-0.0212375	-0.0302045	-1464.09	6551.35	-1244.93	0.1	0.0130215
984	92.4259	-0.0510645	-0.0524459	-0.0894173	-278.689	1809.93	-632.136	0.1	0.0130215
985	92.4259	-0.0267703	-0.0621659	0.0677677	1072.83	635.003	564.026	0.1	0.0130215
986	92.4259	0.0986512	0.172546	-0.133711	-591.234	-1643.58	-2371.17	0.1	0.0130215
987	92.4259	0.712841	-0.198799	0.72949	992.603	-540.389	736.519	0.1	0.0130215
988	92.4259	0.197458	0.0186791	-0.194414	-2609.41	1950.55	122.327	0.1	0.0130215
989	92.4259	-0.00063657	0.00668271	-0.0207591	-371.144	-1772.65	105.66	0.1	0.0130215
990	92.4259	-0.051649	-0.0136004	0.0724885	3856.56	-1975.95	3218.16	0.1	0.0130215
991	92.4259	-1.14337	0.353687	-2.13139	472.309	-720.91	-9.51786	0.1	0.0130215
992	92.4259	-0.748732	-0.00995577	0.0585394	-1149.08	2606.55	222.788	0.1	0.0130215
993	92.4259	0.0994033	0.0758057	-0.0839079	-2214.6	-1749.43	-2354.97	0.1	0.0130215
994	92.4259	0.0150213	-0.125816	-0.0541627	3555.86	1841.39	1619.48	0.1	0.0130215
995	92.4259	-0.0271014	0.022858	0.0620553	-3519.29	1992.71	-2729.63	0.1	0.0130215
996	92.4259	-0.0539891	-0.205271	0.380028	170.221	2401.96	-505.793	0.1	0.0130215
997	92.4259	0.018339	0.00497034	-0.0372323	467.944	-2231.65	-3486.0	0.1	0.0130215
998	92.4259	-0.00267988	0.0097447	0.00715803	-1032.82	-536.198	-1090.01	0.1	0.0130215
999	92.4259	-0.0635105	0.237448	0.0826624	2413.11	575.078	-552.55	0.1	0.0130215
1000	92.4259	-0.0278497	-0.0646937	-0.0530654	1227.78	2203.2	2490.2	0.1	0.0130215
